Gamma     = 0.99 , alpha    = 0.1 , episodes            = 25000
n actions = 3    , n states = 441 , n state action pair = 1323

row	 	 x	 	 y	 	theta	 	actions	 	best action	 	Q Table
0	 	-1.5	 	-1.5	 	-3.142	 	0	 	2	 	 	-6.75
1	 	-1.5	 	-1.5	 	-3.142	 	1	 	2	 	 	-5.914
2	 	-1.5	 	-1.5	 	-3.142	 	2	 	2	 	 	-5.845
3	 	-1.5	 	-1.5	 	-2.356	 	0	 	2	 	 	-7.141
4	 	-1.5	 	-1.5	 	-2.356	 	1	 	2	 	 	-5.011
5	 	-1.5	 	-1.5	 	-2.356	 	2	 	2	 	 	-4.901
6	 	-1.5	 	-1.5	 	-1.571	 	0	 	2	 	 	-4.591
7	 	-1.5	 	-1.5	 	-1.571	 	1	 	2	 	 	-4.099
8	 	-1.5	 	-1.5	 	-1.571	 	2	 	2	 	 	-3.94
9	 	-1.5	 	-1.5	 	-0.7854	 	0	 	2	 	 	-3.92
10	 	-1.5	 	-1.5	 	-0.7854	 	1	 	2	 	 	-3.044
11	 	-1.5	 	-1.5	 	-0.7854	 	2	 	2	 	 	-2.97
12	 	-1.5	 	-1.5	 	0	 	0	 	2	 	 	-2.114
13	 	-1.5	 	-1.5	 	0	 	1	 	2	 	 	-2.13
14	 	-1.5	 	-1.5	 	0	 	2	 	2	 	 	-1.99
15	 	-1.5	 	-1.5	 	0.7854	 	0	 	0	 	 	-1
16	 	-1.5	 	-1.5	 	0.7854	 	1	 	0	 	 	-1.119
17	 	-1.5	 	-1.5	 	0.7854	 	2	 	0	 	 	-1.114
18	 	-1.5	 	-1.5	 	1.571	 	0	 	0	 	 	43.77
19	 	-1.5	 	-1.5	 	1.571	 	1	 	0	 	 	-1.938
20	 	-1.5	 	-1.5	 	1.571	 	2	 	0	 	 	-2.106
21	 	-1.5	 	-1.5	 	2.356	 	0	 	1	 	 	-2.997
22	 	-1.5	 	-1.5	 	2.356	 	1	 	1	 	 	37.65
23	 	-1.5	 	-1.5	 	2.356	 	2	 	1	 	 	-2.79
24	 	-1.5	 	-1.5	 	3.142	 	0	 	1	 	 	-3.915
25	 	-1.5	 	-1.5	 	3.142	 	1	 	1	 	 	27.87
26	 	-1.5	 	-1.5	 	3.142	 	2	 	1	 	 	-3.915
27	 	-1.5	 	-1	 	-3.142	 	0	 	2	 	 	-4.732
28	 	-1.5	 	-1	 	-3.142	 	1	 	2	 	 	-4.704
29	 	-1.5	 	-1	 	-3.142	 	2	 	2	 	 	22.26
30	 	-1.5	 	-1	 	-2.356	 	0	 	2	 	 	-3.905
31	 	-1.5	 	-1	 	-2.356	 	1	 	2	 	 	-3.63
32	 	-1.5	 	-1	 	-2.356	 	2	 	2	 	 	32.84
33	 	-1.5	 	-1	 	-1.571	 	0	 	2	 	 	-2.819
34	 	-1.5	 	-1	 	-1.571	 	1	 	2	 	 	-2.867
35	 	-1.5	 	-1	 	-1.571	 	2	 	2	 	 	39.13
36	 	-1.5	 	-1	 	-0.7854	 	0	 	2	 	 	-2.043
37	 	-1.5	 	-1	 	-0.7854	 	1	 	2	 	 	-1.933
38	 	-1.5	 	-1	 	-0.7854	 	2	 	2	 	 	44.57
39	 	-1.5	 	-1	 	0	 	0	 	2	 	 	-0.9958
40	 	-1.5	 	-1	 	0	 	1	 	2	 	 	-1.068
41	 	-1.5	 	-1	 	0	 	2	 	2	 	 	48.67
42	 	-1.5	 	-1	 	0.7854	 	0	 	0	 	 	52.76
43	 	-1.5	 	-1	 	0.7854	 	1	 	0	 	 	-1.43
44	 	-1.5	 	-1	 	0.7854	 	2	 	0	 	 	-1.484
45	 	-1.5	 	-1	 	1.571	 	0	 	1	 	 	-2.07
46	 	-1.5	 	-1	 	1.571	 	1	 	1	 	 	50.02
47	 	-1.5	 	-1	 	1.571	 	2	 	1	 	 	-2.157
48	 	-1.5	 	-1	 	2.356	 	0	 	1	 	 	-2.997
49	 	-1.5	 	-1	 	2.356	 	1	 	1	 	 	46.11
50	 	-1.5	 	-1	 	2.356	 	2	 	1	 	 	-2.708
51	 	-1.5	 	-1	 	3.142	 	0	 	1	 	 	-2.997
52	 	-1.5	 	-1	 	3.142	 	1	 	1	 	 	34.41
53	 	-1.5	 	-1	 	3.142	 	2	 	1	 	 	-2.997
54	 	-1.5	 	-0.5	 	-3.142	 	0	 	2	 	 	-4.722
55	 	-1.5	 	-0.5	 	-3.142	 	1	 	2	 	 	-3.994
56	 	-1.5	 	-0.5	 	-3.142	 	2	 	2	 	 	-3.931
57	 	-1.5	 	-0.5	 	-2.356	 	0	 	2	 	 	-3.905
58	 	-1.5	 	-0.5	 	-2.356	 	1	 	2	 	 	-3.146
59	 	-1.5	 	-0.5	 	-2.356	 	2	 	2	 	 	-2.97
60	 	-1.5	 	-0.5	 	-1.571	 	0	 	2	 	 	-2.057
61	 	-1.5	 	-0.5	 	-1.571	 	1	 	2	 	 	-2.114
62	 	-1.5	 	-0.5	 	-1.571	 	2	 	2	 	 	-1.99
63	 	-1.5	 	-0.5	 	-0.7854	 	0	 	0	 	 	-1
64	 	-1.5	 	-0.5	 	-0.7854	 	1	 	0	 	 	-1.101
65	 	-1.5	 	-0.5	 	-0.7854	 	2	 	0	 	 	-1.058
66	 	-1.5	 	-0.5	 	0	 	0	 	0	 	 	42.81
67	 	-1.5	 	-0.5	 	0	 	1	 	0	 	 	-1.118
68	 	-1.5	 	-0.5	 	0	 	2	 	0	 	 	-1.168
69	 	-1.5	 	-0.5	 	0.7854	 	0	 	1	 	 	-0.997
70	 	-1.5	 	-0.5	 	0.7854	 	1	 	1	 	 	32.04
71	 	-1.5	 	-0.5	 	0.7854	 	2	 	1	 	 	-1.146
72	 	-1.5	 	-0.5	 	1.571	 	0	 	0	 	 	43.92
73	 	-1.5	 	-0.5	 	1.571	 	1	 	0	 	 	-1.858
74	 	-1.5	 	-0.5	 	1.571	 	2	 	0	 	 	-1.936
75	 	-1.5	 	-0.5	 	2.356	 	0	 	1	 	 	-2.969
76	 	-1.5	 	-0.5	 	2.356	 	1	 	1	 	 	37.71
77	 	-1.5	 	-0.5	 	2.356	 	2	 	1	 	 	-2.603
78	 	-1.5	 	-0.5	 	3.142	 	0	 	1	 	 	-3.994
79	 	-1.5	 	-0.5	 	3.142	 	1	 	1	 	 	29.06
80	 	-1.5	 	-0.5	 	3.142	 	2	 	1	 	 	-3.994
81	 	-1.5	 	0	 	-3.142	 	0	 	2	 	 	-3.895
82	 	-1.5	 	0	 	-3.142	 	1	 	2	 	 	-3.717
83	 	-1.5	 	0	 	-3.142	 	2	 	2	 	 	26.16
84	 	-1.5	 	0	 	-2.356	 	0	 	2	 	 	-3.707
85	 	-1.5	 	0	 	-2.356	 	1	 	2	 	 	-3.034
86	 	-1.5	 	0	 	-2.356	 	2	 	2	 	 	34.43
87	 	-1.5	 	0	 	-1.571	 	0	 	2	 	 	-2.346
88	 	-1.5	 	0	 	-1.571	 	1	 	2	 	 	-2.317
89	 	-1.5	 	0	 	-1.571	 	2	 	2	 	 	39.51
90	 	-1.5	 	0	 	-0.7854	 	0	 	2	 	 	-1.69
91	 	-1.5	 	0	 	-0.7854	 	1	 	2	 	 	-1.632
92	 	-1.5	 	0	 	-0.7854	 	2	 	2	 	 	44.55
93	 	-1.5	 	0	 	0	 	0	 	2	 	 	-0.9618
94	 	-1.5	 	0	 	0	 	1	 	2	 	 	-1.03
95	 	-1.5	 	0	 	0	 	2	 	2	 	 	49.5
96	 	-1.5	 	0	 	0.7854	 	0	 	0	 	 	53.73
97	 	-1.5	 	0	 	0.7854	 	1	 	0	 	 	-1.14
98	 	-1.5	 	0	 	0.7854	 	2	 	0	 	 	-1.152
99	 	-1.5	 	0	 	1.571	 	0	 	1	 	 	-1.808
100	 	-1.5	 	0	 	1.571	 	1	 	1	 	 	50.16
101	 	-1.5	 	0	 	1.571	 	2	 	1	 	 	-1.836
102	 	-1.5	 	0	 	2.356	 	0	 	1	 	 	-2.898
103	 	-1.5	 	0	 	2.356	 	1	 	1	 	 	46
104	 	-1.5	 	0	 	2.356	 	2	 	1	 	 	-2.406
105	 	-1.5	 	0	 	3.142	 	0	 	1	 	 	-2.997
106	 	-1.5	 	0	 	3.142	 	1	 	1	 	 	33.83
107	 	-1.5	 	0	 	3.142	 	2	 	1	 	 	-2.997
108	 	-1.5	 	0.5	 	-3.142	 	0	 	2	 	 	-3.994
109	 	-1.5	 	0.5	 	-3.142	 	1	 	2	 	 	-4.747
110	 	-1.5	 	0.5	 	-3.142	 	2	 	2	 	 	-3.936
111	 	-1.5	 	0.5	 	-2.356	 	0	 	2	 	 	-3.717
112	 	-1.5	 	0.5	 	-2.356	 	1	 	2	 	 	-3.095
113	 	-1.5	 	0.5	 	-2.356	 	2	 	2	 	 	-2.97
114	 	-1.5	 	0.5	 	-1.571	 	0	 	2	 	 	-2.064
115	 	-1.5	 	0.5	 	-1.571	 	1	 	2	 	 	-2.141
116	 	-1.5	 	0.5	 	-1.571	 	2	 	2	 	 	-1.99
117	 	-1.5	 	0.5	 	-0.7854	 	0	 	0	 	 	-1
118	 	-1.5	 	0.5	 	-0.7854	 	1	 	0	 	 	-1.121
119	 	-1.5	 	0.5	 	-0.7854	 	2	 	0	 	 	-1.049
120	 	-1.5	 	0.5	 	0	 	0	 	0	 	 	43.77
121	 	-1.5	 	0.5	 	0	 	1	 	0	 	 	-1.062
122	 	-1.5	 	0.5	 	0	 	2	 	0	 	 	-1.025
123	 	-1.5	 	0.5	 	0.7854	 	0	 	0	 	 	-1
124	 	-1.5	 	0.5	 	0.7854	 	1	 	0	 	 	-1.042
125	 	-1.5	 	0.5	 	0.7854	 	2	 	0	 	 	-1.019
126	 	-1.5	 	0.5	 	1.571	 	0	 	0	 	 	43.84
127	 	-1.5	 	0.5	 	1.571	 	1	 	0	 	 	-1.9
128	 	-1.5	 	0.5	 	1.571	 	2	 	0	 	 	-1.94
129	 	-1.5	 	0.5	 	2.356	 	0	 	1	 	 	-2.935
130	 	-1.5	 	0.5	 	2.356	 	1	 	1	 	 	37.29
131	 	-1.5	 	0.5	 	2.356	 	2	 	1	 	 	-2.673
132	 	-1.5	 	0.5	 	3.142	 	0	 	1	 	 	-4.759
133	 	-1.5	 	0.5	 	3.142	 	1	 	1	 	 	26.12
134	 	-1.5	 	0.5	 	3.142	 	2	 	1	 	 	-3.994
135	 	-1.5	 	1	 	-3.142	 	0	 	2	 	 	-3.994
136	 	-1.5	 	1	 	-3.142	 	1	 	2	 	 	-3.994
137	 	-1.5	 	1	 	-3.142	 	2	 	2	 	 	25.38
138	 	-1.5	 	1	 	-2.356	 	0	 	2	 	 	-2.997
139	 	-1.5	 	1	 	-2.356	 	1	 	2	 	 	-2.762
140	 	-1.5	 	1	 	-2.356	 	2	 	2	 	 	35.04
141	 	-1.5	 	1	 	-1.571	 	0	 	2	 	 	-2.048
142	 	-1.5	 	1	 	-1.571	 	1	 	2	 	 	-2.074
143	 	-1.5	 	1	 	-1.571	 	2	 	2	 	 	41.22
144	 	-1.5	 	1	 	-0.7854	 	0	 	0	 	 	46.25
145	 	-1.5	 	1	 	-0.7854	 	1	 	0	 	 	-1.447
146	 	-1.5	 	1	 	-0.7854	 	2	 	0	 	 	-1.426
147	 	-1.5	 	1	 	0	 	0	 	1	 	 	-0.9477
148	 	-1.5	 	1	 	0	 	1	 	1	 	 	34.98
149	 	-1.5	 	1	 	0	 	2	 	1	 	 	-0.9781
150	 	-1.5	 	1	 	0.7854	 	0	 	0	 	 	52.08
151	 	-1.5	 	1	 	0.7854	 	1	 	0	 	 	-1.392
152	 	-1.5	 	1	 	0.7854	 	2	 	0	 	 	-1.425
153	 	-1.5	 	1	 	1.571	 	0	 	1	 	 	-2.045
154	 	-1.5	 	1	 	1.571	 	1	 	1	 	 	48.87
155	 	-1.5	 	1	 	1.571	 	2	 	1	 	 	-2.028
156	 	-1.5	 	1	 	2.356	 	0	 	1	 	 	-2.757
157	 	-1.5	 	1	 	2.356	 	1	 	1	 	 	43.35
158	 	-1.5	 	1	 	2.356	 	2	 	1	 	 	-2.615
159	 	-1.5	 	1	 	3.142	 	0	 	1	 	 	-3.739
160	 	-1.5	 	1	 	3.142	 	1	 	1	 	 	33.43
161	 	-1.5	 	1	 	3.142	 	2	 	1	 	 	-3.917
162	 	-1.5	 	1.5	 	-3.142	 	0	 	2	 	 	-2.997
163	 	-1.5	 	1.5	 	-3.142	 	1	 	2	 	 	-2.997
164	 	-1.5	 	1.5	 	-3.142	 	2	 	2	 	 	27.78
165	 	-1.5	 	1.5	 	-2.356	 	0	 	2	 	 	-2.997
166	 	-1.5	 	1.5	 	-2.356	 	1	 	2	 	 	-2.28
167	 	-1.5	 	1.5	 	-2.356	 	2	 	2	 	 	38.39
168	 	-1.5	 	1.5	 	-1.571	 	0	 	2	 	 	-1.633
169	 	-1.5	 	1.5	 	-1.571	 	1	 	2	 	 	-1.549
170	 	-1.5	 	1.5	 	-1.571	 	2	 	2	 	 	44.35
171	 	-1.5	 	1.5	 	-0.7854	 	0	 	2	 	 	-0.9419
172	 	-1.5	 	1.5	 	-0.7854	 	1	 	2	 	 	-0.9391
173	 	-1.5	 	1.5	 	-0.7854	 	2	 	2	 	 	49.58
174	 	-1.5	 	1.5	 	0	 	0	 	0	 	 	54.65
175	 	-1.5	 	1.5	 	0	 	1	 	0	 	 	-1.44
176	 	-1.5	 	1.5	 	0	 	2	 	0	 	 	-1.449
177	 	-1.5	 	1.5	 	0.7854	 	0	 	1	 	 	-2.933
178	 	-1.5	 	1.5	 	0.7854	 	1	 	1	 	 	50.11
179	 	-1.5	 	1.5	 	0.7854	 	2	 	1	 	 	-2.291
180	 	-1.5	 	1.5	 	1.571	 	0	 	1	 	 	-4.252
181	 	-1.5	 	1.5	 	1.571	 	1	 	1	 	 	44.81
182	 	-1.5	 	1.5	 	1.571	 	2	 	1	 	 	-3.043
183	 	-1.5	 	1.5	 	2.356	 	0	 	1	 	 	-5.65
184	 	-1.5	 	1.5	 	2.356	 	1	 	1	 	 	39.21
185	 	-1.5	 	1.5	 	2.356	 	2	 	1	 	 	-3.537
186	 	-1.5	 	1.5	 	3.142	 	0	 	1	 	 	-4.795
187	 	-1.5	 	1.5	 	3.142	 	1	 	1	 	 	29.21
188	 	-1.5	 	1.5	 	3.142	 	2	 	1	 	 	-6.464
189	 	-1	 	-1.5	 	-3.142	 	0	 	2	 	 	-5.244
190	 	-1	 	-1.5	 	-3.142	 	1	 	2	 	 	-5.985
191	 	-1	 	-1.5	 	-3.142	 	2	 	2	 	 	22.75
192	 	-1	 	-1.5	 	-2.356	 	0	 	2	 	 	-4.901
193	 	-1	 	-1.5	 	-2.356	 	1	 	2	 	 	-4.706
194	 	-1	 	-1.5	 	-2.356	 	2	 	2	 	 	29.5
195	 	-1	 	-1.5	 	-1.571	 	0	 	2	 	 	-5.306
196	 	-1	 	-1.5	 	-1.571	 	1	 	2	 	 	-3.941
197	 	-1	 	-1.5	 	-1.571	 	2	 	2	 	 	34.1
198	 	-1	 	-1.5	 	-0.7854	 	0	 	2	 	 	-3.752
199	 	-1	 	-1.5	 	-0.7854	 	1	 	2	 	 	-3.262
200	 	-1	 	-1.5	 	-0.7854	 	2	 	2	 	 	38.53
201	 	-1	 	-1.5	 	0	 	0	 	2	 	 	-2.415
202	 	-1	 	-1.5	 	0	 	1	 	2	 	 	-2.545
203	 	-1	 	-1.5	 	0	 	2	 	2	 	 	43.28
204	 	-1	 	-1.5	 	0.7854	 	0	 	0	 	 	47.94
205	 	-1	 	-1.5	 	0.7854	 	1	 	0	 	 	-1.621
206	 	-1	 	-1.5	 	0.7854	 	2	 	0	 	 	-1.62
207	 	-1	 	-1.5	 	1.571	 	0	 	0	 	 	-0.9999
208	 	-1	 	-1.5	 	1.571	 	1	 	0	 	 	-1.079
209	 	-1	 	-1.5	 	1.571	 	2	 	0	 	 	-1.153
210	 	-1	 	-1.5	 	2.356	 	0	 	0	 	 	41.38
211	 	-1	 	-1.5	 	2.356	 	1	 	0	 	 	-1.687
212	 	-1	 	-1.5	 	2.356	 	2	 	0	 	 	-1.72
213	 	-1	 	-1.5	 	3.142	 	0	 	1	 	 	-2.242
214	 	-1	 	-1.5	 	3.142	 	1	 	1	 	 	36.12
215	 	-1	 	-1.5	 	3.142	 	2	 	1	 	 	-2.997
216	 	-1	 	-1	 	-3.142	 	0	 	0	 	 	0
217	 	-1	 	-1	 	-3.142	 	1	 	0	 	 	0
218	 	-1	 	-1	 	-3.142	 	2	 	0	 	 	0
219	 	-1	 	-1	 	-2.356	 	0	 	0	 	 	0
220	 	-1	 	-1	 	-2.356	 	1	 	0	 	 	0
221	 	-1	 	-1	 	-2.356	 	2	 	0	 	 	0
222	 	-1	 	-1	 	-1.571	 	0	 	0	 	 	0
223	 	-1	 	-1	 	-1.571	 	1	 	0	 	 	0
224	 	-1	 	-1	 	-1.571	 	2	 	0	 	 	0
225	 	-1	 	-1	 	-0.7854	 	0	 	0	 	 	0
226	 	-1	 	-1	 	-0.7854	 	1	 	0	 	 	0
227	 	-1	 	-1	 	-0.7854	 	2	 	0	 	 	0
228	 	-1	 	-1	 	0	 	0	 	0	 	 	0
229	 	-1	 	-1	 	0	 	1	 	0	 	 	0
230	 	-1	 	-1	 	0	 	2	 	0	 	 	0
231	 	-1	 	-1	 	0.7854	 	0	 	0	 	 	0
232	 	-1	 	-1	 	0.7854	 	1	 	0	 	 	0
233	 	-1	 	-1	 	0.7854	 	2	 	0	 	 	0
234	 	-1	 	-1	 	1.571	 	0	 	0	 	 	0
235	 	-1	 	-1	 	1.571	 	1	 	0	 	 	0
236	 	-1	 	-1	 	1.571	 	2	 	0	 	 	0
237	 	-1	 	-1	 	2.356	 	0	 	0	 	 	0
238	 	-1	 	-1	 	2.356	 	1	 	0	 	 	0
239	 	-1	 	-1	 	2.356	 	2	 	0	 	 	0
240	 	-1	 	-1	 	3.142	 	0	 	0	 	 	0
241	 	-1	 	-1	 	3.142	 	1	 	0	 	 	0
242	 	-1	 	-1	 	3.142	 	2	 	0	 	 	0
243	 	-1	 	-0.5	 	-3.142	 	0	 	2	 	 	-3.042
244	 	-1	 	-0.5	 	-3.142	 	1	 	2	 	 	-2.997
245	 	-1	 	-0.5	 	-3.142	 	2	 	2	 	 	-2.96
246	 	-1	 	-0.5	 	-2.356	 	0	 	2	 	 	-2.053
247	 	-1	 	-0.5	 	-2.356	 	1	 	2	 	 	-2.079
248	 	-1	 	-0.5	 	-2.356	 	2	 	2	 	 	-1.99
249	 	-1	 	-0.5	 	-1.571	 	0	 	0	 	 	-1
250	 	-1	 	-0.5	 	-1.571	 	1	 	0	 	 	-1.021
251	 	-1	 	-0.5	 	-1.571	 	2	 	0	 	 	-1.053
252	 	-1	 	-0.5	 	-0.7854	 	0	 	2	 	 	-1.52
253	 	-1	 	-0.5	 	-0.7854	 	1	 	2	 	 	-1.483
254	 	-1	 	-0.5	 	-0.7854	 	2	 	2	 	 	39.21
255	 	-1	 	-0.5	 	0	 	0	 	2	 	 	-1.235
256	 	-1	 	-0.5	 	0	 	1	 	2	 	 	-1.275
257	 	-1	 	-0.5	 	0	 	2	 	2	 	 	50.69
258	 	-1	 	-0.5	 	0.7854	 	0	 	0	 	 	55.22
259	 	-1	 	-0.5	 	0.7854	 	1	 	0	 	 	-1.157
260	 	-1	 	-0.5	 	0.7854	 	2	 	0	 	 	-1.07
261	 	-1	 	-0.5	 	1.571	 	0	 	1	 	 	-0.9818
262	 	-1	 	-0.5	 	1.571	 	1	 	1	 	 	42.45
263	 	-1	 	-0.5	 	1.571	 	2	 	1	 	 	-1.026
264	 	-1	 	-0.5	 	2.356	 	0	 	0	 	 	40.82
265	 	-1	 	-0.5	 	2.356	 	1	 	0	 	 	-1.742
266	 	-1	 	-0.5	 	2.356	 	2	 	0	 	 	-1.846
267	 	-1	 	-0.5	 	3.142	 	0	 	1	 	 	-2.302
268	 	-1	 	-0.5	 	3.142	 	1	 	1	 	 	34.87
269	 	-1	 	-0.5	 	3.142	 	2	 	1	 	 	-2.997
270	 	-1	 	0	 	-3.142	 	0	 	0	 	 	0
271	 	-1	 	0	 	-3.142	 	1	 	0	 	 	0
272	 	-1	 	0	 	-3.142	 	2	 	0	 	 	0
273	 	-1	 	0	 	-2.356	 	0	 	0	 	 	0
274	 	-1	 	0	 	-2.356	 	1	 	0	 	 	0
275	 	-1	 	0	 	-2.356	 	2	 	0	 	 	0
276	 	-1	 	0	 	-1.571	 	0	 	0	 	 	0
277	 	-1	 	0	 	-1.571	 	1	 	0	 	 	0
278	 	-1	 	0	 	-1.571	 	2	 	0	 	 	0
279	 	-1	 	0	 	-0.7854	 	0	 	0	 	 	0
280	 	-1	 	0	 	-0.7854	 	1	 	0	 	 	0
281	 	-1	 	0	 	-0.7854	 	2	 	0	 	 	0
282	 	-1	 	0	 	0	 	0	 	0	 	 	0
283	 	-1	 	0	 	0	 	1	 	0	 	 	0
284	 	-1	 	0	 	0	 	2	 	0	 	 	0
285	 	-1	 	0	 	0.7854	 	0	 	0	 	 	0
286	 	-1	 	0	 	0.7854	 	1	 	0	 	 	0
287	 	-1	 	0	 	0.7854	 	2	 	0	 	 	0
288	 	-1	 	0	 	1.571	 	0	 	0	 	 	0
289	 	-1	 	0	 	1.571	 	1	 	0	 	 	0
290	 	-1	 	0	 	1.571	 	2	 	0	 	 	0
291	 	-1	 	0	 	2.356	 	0	 	0	 	 	0
292	 	-1	 	0	 	2.356	 	1	 	0	 	 	0
293	 	-1	 	0	 	2.356	 	2	 	0	 	 	0
294	 	-1	 	0	 	3.142	 	0	 	0	 	 	0
295	 	-1	 	0	 	3.142	 	1	 	0	 	 	0
296	 	-1	 	0	 	3.142	 	2	 	0	 	 	0
297	 	-1	 	0.5	 	-3.142	 	0	 	2	 	 	-2.383
298	 	-1	 	0.5	 	-3.142	 	1	 	2	 	 	-2.997
299	 	-1	 	0.5	 	-3.142	 	2	 	2	 	 	36.65
300	 	-1	 	0.5	 	-2.356	 	0	 	2	 	 	-1.794
301	 	-1	 	0.5	 	-2.356	 	1	 	2	 	 	-1.737
302	 	-1	 	0.5	 	-2.356	 	2	 	2	 	 	42.45
303	 	-1	 	0.5	 	-1.571	 	0	 	2	 	 	-0.9282
304	 	-1	 	0.5	 	-1.571	 	1	 	2	 	 	-0.9562
305	 	-1	 	0.5	 	-1.571	 	2	 	2	 	 	47.17
306	 	-1	 	0.5	 	-0.7854	 	0	 	2	 	 	-1.137
307	 	-1	 	0.5	 	-0.7854	 	1	 	2	 	 	-1.054
308	 	-1	 	0.5	 	-0.7854	 	2	 	2	 	 	50.87
309	 	-1	 	0.5	 	0	 	0	 	2	 	 	-0.8733
310	 	-1	 	0.5	 	0	 	1	 	2	 	 	-0.8953
311	 	-1	 	0.5	 	0	 	2	 	2	 	 	53.49
312	 	-1	 	0.5	 	0.7854	 	0	 	0	 	 	56.37
313	 	-1	 	0.5	 	0.7854	 	1	 	0	 	 	-0.7666
314	 	-1	 	0.5	 	0.7854	 	2	 	0	 	 	-0.7694
315	 	-1	 	0.5	 	1.571	 	0	 	1	 	 	-0.7176
316	 	-1	 	0.5	 	1.571	 	1	 	1	 	 	50.79
317	 	-1	 	0.5	 	1.571	 	2	 	1	 	 	-0.7729
318	 	-1	 	0.5	 	2.356	 	0	 	1	 	 	-1.34
319	 	-1	 	0.5	 	2.356	 	1	 	1	 	 	44.08
320	 	-1	 	0.5	 	2.356	 	2	 	1	 	 	-1.319
321	 	-1	 	0.5	 	3.142	 	0	 	1	 	 	-1.681
322	 	-1	 	0.5	 	3.142	 	1	 	1	 	 	35.35
323	 	-1	 	0.5	 	3.142	 	2	 	1	 	 	-1.999
324	 	-1	 	1	 	-3.142	 	0	 	0	 	 	0
325	 	-1	 	1	 	-3.142	 	1	 	0	 	 	0
326	 	-1	 	1	 	-3.142	 	2	 	0	 	 	0
327	 	-1	 	1	 	-2.356	 	0	 	0	 	 	0
328	 	-1	 	1	 	-2.356	 	1	 	0	 	 	0
329	 	-1	 	1	 	-2.356	 	2	 	0	 	 	0
330	 	-1	 	1	 	-1.571	 	0	 	0	 	 	0
331	 	-1	 	1	 	-1.571	 	1	 	0	 	 	0
332	 	-1	 	1	 	-1.571	 	2	 	0	 	 	0
333	 	-1	 	1	 	-0.7854	 	0	 	0	 	 	0
334	 	-1	 	1	 	-0.7854	 	1	 	0	 	 	0
335	 	-1	 	1	 	-0.7854	 	2	 	0	 	 	0
336	 	-1	 	1	 	0	 	0	 	0	 	 	0
337	 	-1	 	1	 	0	 	1	 	0	 	 	0
338	 	-1	 	1	 	0	 	2	 	0	 	 	0
339	 	-1	 	1	 	0.7854	 	0	 	0	 	 	0
340	 	-1	 	1	 	0.7854	 	1	 	0	 	 	0
341	 	-1	 	1	 	0.7854	 	2	 	0	 	 	0
342	 	-1	 	1	 	1.571	 	0	 	0	 	 	0
343	 	-1	 	1	 	1.571	 	1	 	0	 	 	0
344	 	-1	 	1	 	1.571	 	2	 	0	 	 	0
345	 	-1	 	1	 	2.356	 	0	 	0	 	 	0
346	 	-1	 	1	 	2.356	 	1	 	0	 	 	0
347	 	-1	 	1	 	2.356	 	2	 	0	 	 	0
348	 	-1	 	1	 	3.142	 	0	 	0	 	 	0
349	 	-1	 	1	 	3.142	 	1	 	0	 	 	0
350	 	-1	 	1	 	3.142	 	2	 	0	 	 	0
351	 	-1	 	1.5	 	-3.142	 	0	 	2	 	 	-1.483
352	 	-1	 	1.5	 	-3.142	 	1	 	2	 	 	-1.999
353	 	-1	 	1.5	 	-3.142	 	2	 	2	 	 	32.73
354	 	-1	 	1.5	 	-2.356	 	0	 	2	 	 	-1.1
355	 	-1	 	1.5	 	-2.356	 	1	 	2	 	 	-1.11
356	 	-1	 	1.5	 	-2.356	 	2	 	2	 	 	43.17
357	 	-1	 	1.5	 	-1.571	 	0	 	2	 	 	-0.7176
358	 	-1	 	1.5	 	-1.571	 	1	 	2	 	 	-0.7862
359	 	-1	 	1.5	 	-1.571	 	2	 	2	 	 	48.63
360	 	-1	 	1.5	 	-0.7854	 	0	 	2	 	 	-0.834
361	 	-1	 	1.5	 	-0.7854	 	1	 	2	 	 	-0.8533
362	 	-1	 	1.5	 	-0.7854	 	2	 	2	 	 	53.25
363	 	-1	 	1.5	 	0	 	0	 	0	 	 	58.05
364	 	-1	 	1.5	 	0	 	1	 	0	 	 	-1.192
365	 	-1	 	1.5	 	0	 	2	 	0	 	 	-1.204
366	 	-1	 	1.5	 	0.7854	 	0	 	1	 	 	-1.999
367	 	-1	 	1.5	 	0.7854	 	1	 	1	 	 	55.32
368	 	-1	 	1.5	 	0.7854	 	2	 	1	 	 	-1.854
369	 	-1	 	1.5	 	1.571	 	0	 	1	 	 	-2.997
370	 	-1	 	1.5	 	1.571	 	1	 	1	 	 	50.86
371	 	-1	 	1.5	 	1.571	 	2	 	1	 	 	-2.433
372	 	-1	 	1.5	 	2.356	 	0	 	1	 	 	-3.439
373	 	-1	 	1.5	 	2.356	 	1	 	1	 	 	43.39
374	 	-1	 	1.5	 	2.356	 	2	 	1	 	 	-2.868
375	 	-1	 	1.5	 	3.142	 	0	 	1	 	 	-3.236
376	 	-1	 	1.5	 	3.142	 	1	 	1	 	 	33.22
377	 	-1	 	1.5	 	3.142	 	2	 	1	 	 	-3.994
378	 	-0.5	 	-1.5	 	-3.142	 	0	 	2	 	 	-4.874
379	 	-0.5	 	-1.5	 	-3.142	 	1	 	2	 	 	-4.99
380	 	-0.5	 	-1.5	 	-3.142	 	2	 	2	 	 	18.26
381	 	-0.5	 	-1.5	 	-2.356	 	0	 	2	 	 	-4.99
382	 	-0.5	 	-1.5	 	-2.356	 	1	 	2	 	 	-4.464
383	 	-0.5	 	-1.5	 	-2.356	 	2	 	2	 	 	26.35
384	 	-0.5	 	-1.5	 	-1.571	 	0	 	2	 	 	-3.994
385	 	-0.5	 	-1.5	 	-1.571	 	1	 	2	 	 	-3.774
386	 	-0.5	 	-1.5	 	-1.571	 	2	 	2	 	 	31.15
387	 	-0.5	 	-1.5	 	-0.7854	 	0	 	2	 	 	-2.929
388	 	-0.5	 	-1.5	 	-0.7854	 	1	 	2	 	 	-2.839
389	 	-0.5	 	-1.5	 	-0.7854	 	2	 	2	 	 	36.51
390	 	-0.5	 	-1.5	 	0	 	0	 	0	 	 	41.08
391	 	-0.5	 	-1.5	 	0	 	1	 	0	 	 	-2.045
392	 	-0.5	 	-1.5	 	0	 	2	 	0	 	 	-1.962
393	 	-0.5	 	-1.5	 	0.7854	 	0	 	0	 	 	-1
394	 	-0.5	 	-1.5	 	0.7854	 	1	 	0	 	 	-1.189
395	 	-0.5	 	-1.5	 	0.7854	 	2	 	0	 	 	-1.072
396	 	-0.5	 	-1.5	 	1.571	 	0	 	0	 	 	34.22
397	 	-0.5	 	-1.5	 	1.571	 	1	 	0	 	 	-0.9939
398	 	-0.5	 	-1.5	 	1.571	 	2	 	0	 	 	-1.052
399	 	-0.5	 	-1.5	 	2.356	 	0	 	0	 	 	-0.9999
400	 	-0.5	 	-1.5	 	2.356	 	1	 	0	 	 	-1.03
401	 	-0.5	 	-1.5	 	2.356	 	2	 	0	 	 	-1.112
402	 	-0.5	 	-1.5	 	3.142	 	0	 	0	 	 	26.08
403	 	-0.5	 	-1.5	 	3.142	 	1	 	0	 	 	-1.892
404	 	-0.5	 	-1.5	 	3.142	 	2	 	0	 	 	-1.999
405	 	-0.5	 	-1	 	-3.142	 	0	 	0	 	 	-0.9996
406	 	-0.5	 	-1	 	-3.142	 	1	 	0	 	 	-1
407	 	-0.5	 	-1	 	-3.142	 	2	 	0	 	 	-1.08
408	 	-0.5	 	-1	 	-2.356	 	0	 	2	 	 	-2.035
409	 	-0.5	 	-1	 	-2.356	 	1	 	2	 	 	-1.798
410	 	-0.5	 	-1	 	-2.356	 	2	 	2	 	 	31.29
411	 	-0.5	 	-1	 	-1.571	 	0	 	2	 	 	-1.909
412	 	-0.5	 	-1	 	-1.571	 	1	 	2	 	 	-1.893
413	 	-0.5	 	-1	 	-1.571	 	2	 	2	 	 	37.97
414	 	-0.5	 	-1	 	-0.7854	 	0	 	2	 	 	-1.637
415	 	-0.5	 	-1	 	-0.7854	 	1	 	2	 	 	-1.724
416	 	-0.5	 	-1	 	-0.7854	 	2	 	2	 	 	42.95
417	 	-0.5	 	-1	 	0	 	0	 	2	 	 	-0.9202
418	 	-0.5	 	-1	 	0	 	1	 	2	 	 	-1.065
419	 	-0.5	 	-1	 	0	 	2	 	2	 	 	47.83
420	 	-0.5	 	-1	 	0.7854	 	0	 	0	 	 	52.11
421	 	-0.5	 	-1	 	0.7854	 	1	 	0	 	 	-1.189
422	 	-0.5	 	-1	 	0.7854	 	2	 	0	 	 	-1.216
423	 	-0.5	 	-1	 	1.571	 	0	 	1	 	 	-1.371
424	 	-0.5	 	-1	 	1.571	 	1	 	1	 	 	47.54
425	 	-0.5	 	-1	 	1.571	 	2	 	1	 	 	-1.418
426	 	-0.5	 	-1	 	2.356	 	0	 	1	 	 	-1.456
427	 	-0.5	 	-1	 	2.356	 	1	 	1	 	 	41.62
428	 	-0.5	 	-1	 	2.356	 	2	 	1	 	 	-1.362
429	 	-0.5	 	-1	 	3.142	 	0	 	0	 	 	-0.9994
430	 	-0.5	 	-1	 	3.142	 	1	 	0	 	 	-1.035
431	 	-0.5	 	-1	 	3.142	 	2	 	0	 	 	-1
432	 	-0.5	 	-0.5	 	-3.142	 	0	 	2	 	 	-2.119
433	 	-0.5	 	-0.5	 	-3.142	 	1	 	2	 	 	-1.999
434	 	-0.5	 	-0.5	 	-3.142	 	2	 	2	 	 	-1.99
435	 	-0.5	 	-0.5	 	-2.356	 	0	 	0	 	 	-1
436	 	-0.5	 	-0.5	 	-2.356	 	1	 	0	 	 	-1.085
437	 	-0.5	 	-0.5	 	-2.356	 	2	 	0	 	 	-1.02
438	 	-0.5	 	-0.5	 	-1.571	 	0	 	0	 	 	29.23
439	 	-0.5	 	-0.5	 	-1.571	 	1	 	0	 	 	-1.507
440	 	-0.5	 	-0.5	 	-1.571	 	2	 	0	 	 	-1.501
441	 	-0.5	 	-0.5	 	-0.7854	 	0	 	2	 	 	-0.9722
442	 	-0.5	 	-0.5	 	-0.7854	 	1	 	2	 	 	-1.002
443	 	-0.5	 	-0.5	 	-0.7854	 	2	 	2	 	 	35.19
444	 	-0.5	 	-0.5	 	0	 	0	 	0	 	 	45.78
445	 	-0.5	 	-0.5	 	0	 	1	 	0	 	 	-1.084
446	 	-0.5	 	-0.5	 	0	 	2	 	0	 	 	-1.143
447	 	-0.5	 	-0.5	 	0.7854	 	0	 	1	 	 	-0.9282
448	 	-0.5	 	-0.5	 	0.7854	 	1	 	1	 	 	35.66
449	 	-0.5	 	-0.5	 	0.7854	 	2	 	1	 	 	-0.9334
450	 	-0.5	 	-0.5	 	1.571	 	0	 	0	 	 	40.99
451	 	-0.5	 	-0.5	 	1.571	 	1	 	0	 	 	-1.237
452	 	-0.5	 	-0.5	 	1.571	 	2	 	0	 	 	-1.247
453	 	-0.5	 	-0.5	 	2.356	 	0	 	0	 	 	-0.9999
454	 	-0.5	 	-0.5	 	2.356	 	1	 	0	 	 	-1.05
455	 	-0.5	 	-0.5	 	2.356	 	2	 	0	 	 	-1.023
456	 	-0.5	 	-0.5	 	3.142	 	0	 	0	 	 	25.09
457	 	-0.5	 	-0.5	 	3.142	 	1	 	0	 	 	-1.715
458	 	-0.5	 	-0.5	 	3.142	 	2	 	0	 	 	-1.999
459	 	-0.5	 	0	 	-3.142	 	0	 	0	 	 	-0.9985
460	 	-0.5	 	0	 	-3.142	 	1	 	0	 	 	-1
461	 	-0.5	 	0	 	-3.142	 	2	 	0	 	 	-1.093
462	 	-0.5	 	0	 	-2.356	 	0	 	2	 	 	-1.67
463	 	-0.5	 	0	 	-2.356	 	1	 	2	 	 	-1.641
464	 	-0.5	 	0	 	-2.356	 	2	 	2	 	 	25.89
465	 	-0.5	 	0	 	-1.571	 	0	 	2	 	 	-1.451
466	 	-0.5	 	0	 	-1.571	 	1	 	2	 	 	-1.488
467	 	-0.5	 	0	 	-1.571	 	2	 	2	 	 	38.93
468	 	-0.5	 	0	 	-0.7854	 	0	 	2	 	 	-1.126
469	 	-0.5	 	0	 	-0.7854	 	1	 	2	 	 	-1.074
470	 	-0.5	 	0	 	-0.7854	 	2	 	2	 	 	47.65
471	 	-0.5	 	0	 	0	 	0	 	2	 	 	-0.6862
472	 	-0.5	 	0	 	0	 	1	 	2	 	 	-0.7866
473	 	-0.5	 	0	 	0	 	2	 	2	 	 	53.21
474	 	-0.5	 	0	 	0.7854	 	0	 	0	 	 	57.63
475	 	-0.5	 	0	 	0.7854	 	1	 	0	 	 	-0.8021
476	 	-0.5	 	0	 	0.7854	 	2	 	0	 	 	-0.8187
477	 	-0.5	 	0	 	1.571	 	0	 	1	 	 	-1.005
478	 	-0.5	 	0	 	1.571	 	1	 	1	 	 	53.22
479	 	-0.5	 	0	 	1.571	 	2	 	1	 	 	-1.03
480	 	-0.5	 	0	 	2.356	 	0	 	1	 	 	-1.031
481	 	-0.5	 	0	 	2.356	 	1	 	1	 	 	45.93
482	 	-0.5	 	0	 	2.356	 	2	 	1	 	 	-1.027
483	 	-0.5	 	0	 	3.142	 	0	 	1	 	 	-0.7712
484	 	-0.5	 	0	 	3.142	 	1	 	1	 	 	32.78
485	 	-0.5	 	0	 	3.142	 	2	 	1	 	 	-1
486	 	-0.5	 	0.5	 	-3.142	 	0	 	0	 	 	27.36
487	 	-0.5	 	0.5	 	-3.142	 	1	 	0	 	 	-1.999
488	 	-0.5	 	0.5	 	-3.142	 	2	 	0	 	 	-1.923
489	 	-0.5	 	0.5	 	-2.356	 	0	 	0	 	 	-1
490	 	-0.5	 	0.5	 	-2.356	 	1	 	0	 	 	-1.034
491	 	-0.5	 	0.5	 	-2.356	 	2	 	0	 	 	-1.081
492	 	-0.5	 	0.5	 	-1.571	 	0	 	2	 	 	-1.26
493	 	-0.5	 	0.5	 	-1.571	 	1	 	2	 	 	-1.197
494	 	-0.5	 	0.5	 	-1.571	 	2	 	2	 	 	37.99
495	 	-0.5	 	0.5	 	-0.7854	 	0	 	2	 	 	-0.7458
496	 	-0.5	 	0.5	 	-0.7854	 	1	 	2	 	 	-0.79
497	 	-0.5	 	0.5	 	-0.7854	 	2	 	2	 	 	47.49
498	 	-0.5	 	0.5	 	0	 	0	 	0	 	 	52.69
499	 	-0.5	 	0.5	 	0	 	1	 	0	 	 	-0.8538
500	 	-0.5	 	0.5	 	0	 	2	 	0	 	 	-0.8467
501	 	-0.5	 	0.5	 	0.7854	 	0	 	1	 	 	-0.7458
502	 	-0.5	 	0.5	 	0.7854	 	1	 	1	 	 	38.27
503	 	-0.5	 	0.5	 	0.7854	 	2	 	1	 	 	-0.7812
504	 	-0.5	 	0.5	 	1.571	 	0	 	0	 	 	49.12
505	 	-0.5	 	0.5	 	1.571	 	1	 	0	 	 	-0.8649
506	 	-0.5	 	0.5	 	1.571	 	2	 	0	 	 	-0.8321
507	 	-0.5	 	0.5	 	2.356	 	0	 	1	 	 	-0.8332
508	 	-0.5	 	0.5	 	2.356	 	1	 	1	 	 	43.02
509	 	-0.5	 	0.5	 	2.356	 	2	 	1	 	 	-0.9545
510	 	-0.5	 	0.5	 	3.142	 	0	 	1	 	 	-1.365
511	 	-0.5	 	0.5	 	3.142	 	1	 	1	 	 	31.15
512	 	-0.5	 	0.5	 	3.142	 	2	 	1	 	 	-1.999
513	 	-0.5	 	1	 	-3.142	 	0	 	2	 	 	-0.9354
514	 	-0.5	 	1	 	-3.142	 	1	 	2	 	 	-1
515	 	-0.5	 	1	 	-3.142	 	2	 	2	 	 	27.03
516	 	-0.5	 	1	 	-2.356	 	0	 	2	 	 	-1.189
517	 	-0.5	 	1	 	-2.356	 	1	 	2	 	 	-1.075
518	 	-0.5	 	1	 	-2.356	 	2	 	2	 	 	36.84
519	 	-0.5	 	1	 	-1.571	 	0	 	2	 	 	-0.9262
520	 	-0.5	 	1	 	-1.571	 	1	 	2	 	 	-0.9051
521	 	-0.5	 	1	 	-1.571	 	2	 	2	 	 	45.22
522	 	-0.5	 	1	 	-0.7854	 	0	 	2	 	 	-0.6692
523	 	-0.5	 	1	 	-0.7854	 	1	 	2	 	 	-0.7324
524	 	-0.5	 	1	 	-0.7854	 	2	 	2	 	 	51.12
525	 	-0.5	 	1	 	0	 	0	 	2	 	 	-0.4686
526	 	-0.5	 	1	 	0	 	1	 	2	 	 	-0.5397
527	 	-0.5	 	1	 	0	 	2	 	2	 	 	55.03
528	 	-0.5	 	1	 	0.7854	 	0	 	0	 	 	58.69
529	 	-0.5	 	1	 	0.7854	 	1	 	0	 	 	-0.6238
530	 	-0.5	 	1	 	0.7854	 	2	 	0	 	 	-0.6073
531	 	-0.5	 	1	 	1.571	 	0	 	1	 	 	-0.9555
532	 	-0.5	 	1	 	1.571	 	1	 	1	 	 	54.22
533	 	-0.5	 	1	 	1.571	 	2	 	1	 	 	-0.9646
534	 	-0.5	 	1	 	2.356	 	0	 	1	 	 	-1.301
535	 	-0.5	 	1	 	2.356	 	1	 	1	 	 	43.66
536	 	-0.5	 	1	 	2.356	 	2	 	1	 	 	-1.136
537	 	-0.5	 	1	 	3.142	 	0	 	1	 	 	-0.8499
538	 	-0.5	 	1	 	3.142	 	1	 	1	 	 	31.38
539	 	-0.5	 	1	 	3.142	 	2	 	1	 	 	-1
540	 	-0.5	 	1.5	 	-3.142	 	0	 	2	 	 	-1.004
541	 	-0.5	 	1.5	 	-3.142	 	1	 	2	 	 	-1
542	 	-0.5	 	1.5	 	-3.142	 	2	 	2	 	 	32.64
543	 	-0.5	 	1.5	 	-2.356	 	0	 	2	 	 	-0.6126
544	 	-0.5	 	1.5	 	-2.356	 	1	 	2	 	 	-0.6429
545	 	-0.5	 	1.5	 	-2.356	 	2	 	2	 	 	44.98
546	 	-0.5	 	1.5	 	-1.571	 	0	 	2	 	 	-0.5233
547	 	-0.5	 	1.5	 	-1.571	 	1	 	2	 	 	-0.4909
548	 	-0.5	 	1.5	 	-1.571	 	2	 	2	 	 	51.28
549	 	-0.5	 	1.5	 	-0.7854	 	0	 	2	 	 	-0.4095
550	 	-0.5	 	1.5	 	-0.7854	 	1	 	2	 	 	-0.4561
551	 	-0.5	 	1.5	 	-0.7854	 	2	 	2	 	 	55.76
552	 	-0.5	 	1.5	 	0	 	0	 	0	 	 	60.75
553	 	-0.5	 	1.5	 	0	 	1	 	0	 	 	-0.7534
554	 	-0.5	 	1.5	 	0	 	2	 	0	 	 	-0.7712
555	 	-0.5	 	1.5	 	0.7854	 	0	 	1	 	 	-1.999
556	 	-0.5	 	1.5	 	0.7854	 	1	 	1	 	 	55.93
557	 	-0.5	 	1.5	 	0.7854	 	2	 	1	 	 	-1.17
558	 	-0.5	 	1.5	 	1.571	 	0	 	1	 	 	-3.439
559	 	-0.5	 	1.5	 	1.571	 	1	 	1	 	 	50.51
560	 	-0.5	 	1.5	 	1.571	 	2	 	1	 	 	-1.561
561	 	-0.5	 	1.5	 	2.356	 	0	 	1	 	 	-1.999
562	 	-0.5	 	1.5	 	2.356	 	1	 	1	 	 	44.39
563	 	-0.5	 	1.5	 	2.356	 	2	 	1	 	 	-1.991
564	 	-0.5	 	1.5	 	3.142	 	0	 	1	 	 	-2.381
565	 	-0.5	 	1.5	 	3.142	 	1	 	1	 	 	32.02
566	 	-0.5	 	1.5	 	3.142	 	2	 	1	 	 	-2.758
567	 	0	 	-1.5	 	-3.142	 	0	 	2	 	 	-4.614
568	 	0	 	-1.5	 	-3.142	 	1	 	2	 	 	-4.891
569	 	0	 	-1.5	 	-3.142	 	2	 	2	 	 	21.88
570	 	0	 	-1.5	 	-2.356	 	0	 	2	 	 	-4.99
571	 	0	 	-1.5	 	-2.356	 	1	 	2	 	 	-4.332
572	 	0	 	-1.5	 	-2.356	 	2	 	2	 	 	30.8
573	 	0	 	-1.5	 	-1.571	 	0	 	2	 	 	-3.994
574	 	0	 	-1.5	 	-1.571	 	1	 	2	 	 	-3.703
575	 	0	 	-1.5	 	-1.571	 	2	 	2	 	 	35.92
576	 	0	 	-1.5	 	-0.7854	 	0	 	2	 	 	-2.926
577	 	0	 	-1.5	 	-0.7854	 	1	 	2	 	 	-2.963
578	 	0	 	-1.5	 	-0.7854	 	2	 	2	 	 	40.99
579	 	0	 	-1.5	 	0	 	0	 	2	 	 	-2.159
580	 	0	 	-1.5	 	0	 	1	 	2	 	 	-2.183
581	 	0	 	-1.5	 	0	 	2	 	2	 	 	45.88
582	 	0	 	-1.5	 	0.7854	 	0	 	0	 	 	49.13
583	 	0	 	-1.5	 	0.7854	 	1	 	0	 	 	-1.439
584	 	0	 	-1.5	 	0.7854	 	2	 	0	 	 	-1.358
585	 	0	 	-1.5	 	1.571	 	0	 	0	 	 	-0.9999
586	 	0	 	-1.5	 	1.571	 	1	 	0	 	 	-1.003
587	 	0	 	-1.5	 	1.571	 	2	 	0	 	 	-1.123
588	 	0	 	-1.5	 	2.356	 	0	 	0	 	 	35.18
589	 	0	 	-1.5	 	2.356	 	1	 	0	 	 	-1.536
590	 	0	 	-1.5	 	2.356	 	2	 	0	 	 	-1.545
591	 	0	 	-1.5	 	3.142	 	0	 	1	 	 	-1.92
592	 	0	 	-1.5	 	3.142	 	1	 	1	 	 	27.85
593	 	0	 	-1.5	 	3.142	 	2	 	1	 	 	-1.999
594	 	0	 	-1	 	-3.142	 	0	 	0	 	 	0
595	 	0	 	-1	 	-3.142	 	1	 	0	 	 	0
596	 	0	 	-1	 	-3.142	 	2	 	0	 	 	0
597	 	0	 	-1	 	-2.356	 	0	 	0	 	 	0
598	 	0	 	-1	 	-2.356	 	1	 	0	 	 	0
599	 	0	 	-1	 	-2.356	 	2	 	0	 	 	0
600	 	0	 	-1	 	-1.571	 	0	 	0	 	 	0
601	 	0	 	-1	 	-1.571	 	1	 	0	 	 	0
602	 	0	 	-1	 	-1.571	 	2	 	0	 	 	0
603	 	0	 	-1	 	-0.7854	 	0	 	0	 	 	0
604	 	0	 	-1	 	-0.7854	 	1	 	0	 	 	0
605	 	0	 	-1	 	-0.7854	 	2	 	0	 	 	0
606	 	0	 	-1	 	0	 	0	 	0	 	 	0
607	 	0	 	-1	 	0	 	1	 	0	 	 	0
608	 	0	 	-1	 	0	 	2	 	0	 	 	0
609	 	0	 	-1	 	0.7854	 	0	 	0	 	 	0
610	 	0	 	-1	 	0.7854	 	1	 	0	 	 	0
611	 	0	 	-1	 	0.7854	 	2	 	0	 	 	0
612	 	0	 	-1	 	1.571	 	0	 	0	 	 	0
613	 	0	 	-1	 	1.571	 	1	 	0	 	 	0
614	 	0	 	-1	 	1.571	 	2	 	0	 	 	0
615	 	0	 	-1	 	2.356	 	0	 	0	 	 	0
616	 	0	 	-1	 	2.356	 	1	 	0	 	 	0
617	 	0	 	-1	 	2.356	 	2	 	0	 	 	0
618	 	0	 	-1	 	3.142	 	0	 	0	 	 	0
619	 	0	 	-1	 	3.142	 	1	 	0	 	 	0
620	 	0	 	-1	 	3.142	 	2	 	0	 	 	0
621	 	0	 	-0.5	 	-3.142	 	0	 	2	 	 	-2.21
622	 	0	 	-0.5	 	-3.142	 	1	 	2	 	 	-2.997
623	 	0	 	-0.5	 	-3.142	 	2	 	2	 	 	31.78
624	 	0	 	-0.5	 	-2.356	 	0	 	2	 	 	-1.704
625	 	0	 	-0.5	 	-2.356	 	1	 	2	 	 	-1.805
626	 	0	 	-0.5	 	-2.356	 	2	 	2	 	 	37.81
627	 	0	 	-0.5	 	-1.571	 	0	 	2	 	 	-0.9618
628	 	0	 	-0.5	 	-1.571	 	1	 	2	 	 	-1.017
629	 	0	 	-0.5	 	-1.571	 	2	 	2	 	 	43.37
630	 	0	 	-0.5	 	-0.7854	 	0	 	2	 	 	-1.294
631	 	0	 	-0.5	 	-0.7854	 	1	 	2	 	 	-1.225
632	 	0	 	-0.5	 	-0.7854	 	2	 	2	 	 	47.92
633	 	0	 	-0.5	 	0	 	0	 	2	 	 	-1.07
634	 	0	 	-0.5	 	0	 	1	 	2	 	 	-1.088
635	 	0	 	-0.5	 	0	 	2	 	2	 	 	51.74
636	 	0	 	-0.5	 	0.7854	 	0	 	0	 	 	54.46
637	 	0	 	-0.5	 	0.7854	 	1	 	0	 	 	-0.9065
638	 	0	 	-0.5	 	0.7854	 	2	 	0	 	 	-0.8446
639	 	0	 	-0.5	 	1.571	 	0	 	1	 	 	-0.6513
640	 	0	 	-0.5	 	1.571	 	1	 	1	 	 	49.31
641	 	0	 	-0.5	 	1.571	 	2	 	1	 	 	-0.6811
642	 	0	 	-0.5	 	2.356	 	0	 	1	 	 	-1.069
643	 	0	 	-0.5	 	2.356	 	1	 	1	 	 	42.9
644	 	0	 	-0.5	 	2.356	 	2	 	1	 	 	-1.136
645	 	0	 	-0.5	 	3.142	 	0	 	1	 	 	-1.419
646	 	0	 	-0.5	 	3.142	 	1	 	1	 	 	35.89
647	 	0	 	-0.5	 	3.142	 	2	 	1	 	 	-1.999
648	 	0	 	0	 	-3.142	 	0	 	0	 	 	0
649	 	0	 	0	 	-3.142	 	1	 	0	 	 	0
650	 	0	 	0	 	-3.142	 	2	 	0	 	 	0
651	 	0	 	0	 	-2.356	 	0	 	0	 	 	0
652	 	0	 	0	 	-2.356	 	1	 	0	 	 	0
653	 	0	 	0	 	-2.356	 	2	 	0	 	 	0
654	 	0	 	0	 	-1.571	 	0	 	0	 	 	0
655	 	0	 	0	 	-1.571	 	1	 	0	 	 	0
656	 	0	 	0	 	-1.571	 	2	 	0	 	 	0
657	 	0	 	0	 	-0.7854	 	0	 	0	 	 	0
658	 	0	 	0	 	-0.7854	 	1	 	0	 	 	0
659	 	0	 	0	 	-0.7854	 	2	 	0	 	 	0
660	 	0	 	0	 	0	 	0	 	0	 	 	0
661	 	0	 	0	 	0	 	1	 	0	 	 	0
662	 	0	 	0	 	0	 	2	 	0	 	 	0
663	 	0	 	0	 	0.7854	 	0	 	0	 	 	0
664	 	0	 	0	 	0.7854	 	1	 	0	 	 	0
665	 	0	 	0	 	0.7854	 	2	 	0	 	 	0
666	 	0	 	0	 	1.571	 	0	 	0	 	 	0
667	 	0	 	0	 	1.571	 	1	 	0	 	 	0
668	 	0	 	0	 	1.571	 	2	 	0	 	 	0
669	 	0	 	0	 	2.356	 	0	 	0	 	 	0
670	 	0	 	0	 	2.356	 	1	 	0	 	 	0
671	 	0	 	0	 	2.356	 	2	 	0	 	 	0
672	 	0	 	0	 	3.142	 	0	 	0	 	 	0
673	 	0	 	0	 	3.142	 	1	 	0	 	 	0
674	 	0	 	0	 	3.142	 	2	 	0	 	 	0
675	 	0	 	0.5	 	-3.142	 	0	 	2	 	 	-1.95
676	 	0	 	0.5	 	-3.142	 	1	 	2	 	 	-1.999
677	 	0	 	0.5	 	-3.142	 	2	 	2	 	 	37.18
678	 	0	 	0.5	 	-2.356	 	0	 	2	 	 	-1.426
679	 	0	 	0.5	 	-2.356	 	1	 	2	 	 	-1.423
680	 	0	 	0.5	 	-2.356	 	2	 	2	 	 	43.36
681	 	0	 	0.5	 	-1.571	 	0	 	2	 	 	-0.7941
682	 	0	 	0.5	 	-1.571	 	1	 	2	 	 	-0.7909
683	 	0	 	0.5	 	-1.571	 	2	 	2	 	 	48.96
684	 	0	 	0.5	 	-0.7854	 	0	 	2	 	 	-0.7962
685	 	0	 	0.5	 	-0.7854	 	1	 	2	 	 	-0.7101
686	 	0	 	0.5	 	-0.7854	 	2	 	2	 	 	53.29
687	 	0	 	0.5	 	0	 	0	 	2	 	 	-0.6397
688	 	0	 	0.5	 	0	 	1	 	2	 	 	-0.6111
689	 	0	 	0.5	 	0	 	2	 	2	 	 	56.79
690	 	0	 	0.5	 	0.7854	 	0	 	0	 	 	59.92
691	 	0	 	0.5	 	0.7854	 	1	 	0	 	 	-0.5995
692	 	0	 	0.5	 	0.7854	 	2	 	0	 	 	-0.5483
693	 	0	 	0.5	 	1.571	 	0	 	1	 	 	-0.5695
694	 	0	 	0.5	 	1.571	 	1	 	1	 	 	54.6
695	 	0	 	0.5	 	1.571	 	2	 	1	 	 	-0.6587
696	 	0	 	0.5	 	2.356	 	0	 	1	 	 	-0.9067
697	 	0	 	0.5	 	2.356	 	1	 	1	 	 	48.69
698	 	0	 	0.5	 	2.356	 	2	 	1	 	 	-0.9518
699	 	0	 	0.5	 	3.142	 	0	 	1	 	 	-1.185
700	 	0	 	0.5	 	3.142	 	1	 	1	 	 	42.7
701	 	0	 	0.5	 	3.142	 	2	 	1	 	 	-1.999
702	 	0	 	1	 	-3.142	 	0	 	0	 	 	0
703	 	0	 	1	 	-3.142	 	1	 	0	 	 	0
704	 	0	 	1	 	-3.142	 	2	 	0	 	 	0
705	 	0	 	1	 	-2.356	 	0	 	0	 	 	0
706	 	0	 	1	 	-2.356	 	1	 	0	 	 	0
707	 	0	 	1	 	-2.356	 	2	 	0	 	 	0
708	 	0	 	1	 	-1.571	 	0	 	0	 	 	0
709	 	0	 	1	 	-1.571	 	1	 	0	 	 	0
710	 	0	 	1	 	-1.571	 	2	 	0	 	 	0
711	 	0	 	1	 	-0.7854	 	0	 	0	 	 	0
712	 	0	 	1	 	-0.7854	 	1	 	0	 	 	0
713	 	0	 	1	 	-0.7854	 	2	 	0	 	 	0
714	 	0	 	1	 	0	 	0	 	0	 	 	0
715	 	0	 	1	 	0	 	1	 	0	 	 	0
716	 	0	 	1	 	0	 	2	 	0	 	 	0
717	 	0	 	1	 	0.7854	 	0	 	0	 	 	0
718	 	0	 	1	 	0.7854	 	1	 	0	 	 	0
719	 	0	 	1	 	0.7854	 	2	 	0	 	 	0
720	 	0	 	1	 	1.571	 	0	 	0	 	 	0
721	 	0	 	1	 	1.571	 	1	 	0	 	 	0
722	 	0	 	1	 	1.571	 	2	 	0	 	 	0
723	 	0	 	1	 	2.356	 	0	 	0	 	 	0
724	 	0	 	1	 	2.356	 	1	 	0	 	 	0
725	 	0	 	1	 	2.356	 	2	 	0	 	 	0
726	 	0	 	1	 	3.142	 	0	 	0	 	 	0
727	 	0	 	1	 	3.142	 	1	 	0	 	 	0
728	 	0	 	1	 	3.142	 	2	 	0	 	 	0
729	 	0	 	1.5	 	-3.142	 	0	 	2	 	 	-0.9905
730	 	0	 	1.5	 	-3.142	 	1	 	2	 	 	-1
731	 	0	 	1.5	 	-3.142	 	2	 	2	 	 	32.4
732	 	0	 	1.5	 	-2.356	 	0	 	2	 	 	-0.5839
733	 	0	 	1.5	 	-2.356	 	1	 	2	 	 	-0.6038
734	 	0	 	1.5	 	-2.356	 	2	 	2	 	 	42.83
735	 	0	 	1.5	 	-1.571	 	0	 	2	 	 	-0.271
736	 	0	 	1.5	 	-1.571	 	1	 	2	 	 	-0.3184
737	 	0	 	1.5	 	-1.571	 	2	 	2	 	 	49.99
738	 	0	 	1.5	 	-0.7854	 	0	 	2	 	 	-0.2898
739	 	0	 	1.5	 	-0.7854	 	1	 	2	 	 	-0.2809
740	 	0	 	1.5	 	-0.7854	 	2	 	2	 	 	56.86
741	 	0	 	1.5	 	0	 	0	 	0	 	 	62.9
742	 	0	 	1.5	 	0	 	1	 	0	 	 	-0.4293
743	 	0	 	1.5	 	0	 	2	 	0	 	 	-0.4066
744	 	0	 	1.5	 	0.7854	 	0	 	1	 	 	-1
745	 	0	 	1.5	 	0.7854	 	1	 	1	 	 	60.9
746	 	0	 	1.5	 	0.7854	 	2	 	1	 	 	-0.6798
747	 	0	 	1.5	 	1.571	 	0	 	1	 	 	-1.929
748	 	0	 	1.5	 	1.571	 	1	 	1	 	 	54.72
749	 	0	 	1.5	 	1.571	 	2	 	1	 	 	-0.8978
750	 	0	 	1.5	 	2.356	 	0	 	1	 	 	-1.999
751	 	0	 	1.5	 	2.356	 	1	 	1	 	 	47.02
752	 	0	 	1.5	 	2.356	 	2	 	1	 	 	-1.139
753	 	0	 	1.5	 	3.142	 	0	 	1	 	 	-1.274
754	 	0	 	1.5	 	3.142	 	1	 	1	 	 	35.29
755	 	0	 	1.5	 	3.142	 	2	 	1	 	 	-3.449
756	 	0.5	 	-1.5	 	-3.142	 	0	 	2	 	 	-4.544
757	 	0.5	 	-1.5	 	-3.142	 	1	 	2	 	 	-4.99
758	 	0.5	 	-1.5	 	-3.142	 	2	 	2	 	 	22.63
759	 	0.5	 	-1.5	 	-2.356	 	0	 	2	 	 	-4.99
760	 	0.5	 	-1.5	 	-2.356	 	1	 	2	 	 	-4.129
761	 	0.5	 	-1.5	 	-2.356	 	2	 	2	 	 	28.08
762	 	0.5	 	-1.5	 	-1.571	 	0	 	2	 	 	-3.994
763	 	0.5	 	-1.5	 	-1.571	 	1	 	2	 	 	-3.531
764	 	0.5	 	-1.5	 	-1.571	 	2	 	2	 	 	33.31
765	 	0.5	 	-1.5	 	-0.7854	 	0	 	2	 	 	-2.898
766	 	0.5	 	-1.5	 	-0.7854	 	1	 	2	 	 	-2.718
767	 	0.5	 	-1.5	 	-0.7854	 	2	 	2	 	 	37.99
768	 	0.5	 	-1.5	 	0	 	0	 	0	 	 	42.47
769	 	0.5	 	-1.5	 	0	 	1	 	0	 	 	-2.053
770	 	0.5	 	-1.5	 	0	 	2	 	0	 	 	-1.893
771	 	0.5	 	-1.5	 	0.7854	 	0	 	1	 	 	-0.9954
772	 	0.5	 	-1.5	 	0.7854	 	1	 	1	 	 	30.92
773	 	0.5	 	-1.5	 	0.7854	 	2	 	1	 	 	-0.997
774	 	0.5	 	-1.5	 	1.571	 	0	 	0	 	 	40.97
775	 	0.5	 	-1.5	 	1.571	 	1	 	0	 	 	-0.8739
776	 	0.5	 	-1.5	 	1.571	 	2	 	0	 	 	-0.8605
777	 	0.5	 	-1.5	 	2.356	 	0	 	1	 	 	-0.9114
778	 	0.5	 	-1.5	 	2.356	 	1	 	1	 	 	34.63
779	 	0.5	 	-1.5	 	2.356	 	2	 	1	 	 	-1.042
780	 	0.5	 	-1.5	 	3.142	 	0	 	1	 	 	-1.668
781	 	0.5	 	-1.5	 	3.142	 	1	 	1	 	 	27.63
782	 	0.5	 	-1.5	 	3.142	 	2	 	1	 	 	-1.999
783	 	0.5	 	-1	 	-3.142	 	0	 	0	 	 	-0.9998
784	 	0.5	 	-1	 	-3.142	 	1	 	0	 	 	-1
785	 	0.5	 	-1	 	-3.142	 	2	 	0	 	 	-1.068
786	 	0.5	 	-1	 	-2.356	 	0	 	2	 	 	-1.892
787	 	0.5	 	-1	 	-2.356	 	1	 	2	 	 	-1.827
788	 	0.5	 	-1	 	-2.356	 	2	 	2	 	 	31.1
789	 	0.5	 	-1	 	-1.571	 	0	 	2	 	 	-2.097
790	 	0.5	 	-1	 	-1.571	 	1	 	2	 	 	-1.913
791	 	0.5	 	-1	 	-1.571	 	2	 	2	 	 	38.88
792	 	0.5	 	-1	 	-0.7854	 	0	 	2	 	 	-1.611
793	 	0.5	 	-1	 	-0.7854	 	1	 	2	 	 	-1.614
794	 	0.5	 	-1	 	-0.7854	 	2	 	2	 	 	43.74
795	 	0.5	 	-1	 	0	 	0	 	2	 	 	-0.9202
796	 	0.5	 	-1	 	0	 	1	 	2	 	 	-0.9242
797	 	0.5	 	-1	 	0	 	2	 	2	 	 	47.8
798	 	0.5	 	-1	 	0.7854	 	0	 	0	 	 	52.19
799	 	0.5	 	-1	 	0.7854	 	1	 	0	 	 	-0.9558
800	 	0.5	 	-1	 	0.7854	 	2	 	0	 	 	-1.004
801	 	0.5	 	-1	 	1.571	 	0	 	1	 	 	-0.877
802	 	0.5	 	-1	 	1.571	 	1	 	1	 	 	48.88
803	 	0.5	 	-1	 	1.571	 	2	 	1	 	 	-0.9513
804	 	0.5	 	-1	 	2.356	 	0	 	1	 	 	-0.964
805	 	0.5	 	-1	 	2.356	 	1	 	1	 	 	44.45
806	 	0.5	 	-1	 	2.356	 	2	 	1	 	 	-1.028
807	 	0.5	 	-1	 	3.142	 	0	 	1	 	 	-0.8147
808	 	0.5	 	-1	 	3.142	 	1	 	1	 	 	29.95
809	 	0.5	 	-1	 	3.142	 	2	 	1	 	 	-1
810	 	0.5	 	-0.5	 	-3.142	 	0	 	0	 	 	19.98
811	 	0.5	 	-0.5	 	-3.142	 	1	 	0	 	 	-1.999
812	 	0.5	 	-0.5	 	-3.142	 	2	 	0	 	 	-1.969
813	 	0.5	 	-0.5	 	-2.356	 	0	 	0	 	 	-1
814	 	0.5	 	-0.5	 	-2.356	 	1	 	0	 	 	-1.153
815	 	0.5	 	-0.5	 	-2.356	 	2	 	0	 	 	-1.095
816	 	0.5	 	-0.5	 	-1.571	 	0	 	0	 	 	28.52
817	 	0.5	 	-0.5	 	-1.571	 	1	 	0	 	 	-1.388
818	 	0.5	 	-0.5	 	-1.571	 	2	 	0	 	 	-1.371
819	 	0.5	 	-0.5	 	-0.7854	 	0	 	2	 	 	-0.8784
820	 	0.5	 	-0.5	 	-0.7854	 	1	 	2	 	 	-0.8704
821	 	0.5	 	-0.5	 	-0.7854	 	2	 	2	 	 	32.35
822	 	0.5	 	-0.5	 	0	 	0	 	0	 	 	41.47
823	 	0.5	 	-0.5	 	0	 	1	 	0	 	 	-0.9798
824	 	0.5	 	-0.5	 	0	 	2	 	0	 	 	-1.022
825	 	0.5	 	-0.5	 	0.7854	 	0	 	2	 	 	-0.7712
826	 	0.5	 	-0.5	 	0.7854	 	1	 	2	 	 	-0.7877
827	 	0.5	 	-0.5	 	0.7854	 	2	 	2	 	 	34.42
828	 	0.5	 	-0.5	 	1.571	 	0	 	0	 	 	46.43
829	 	0.5	 	-0.5	 	1.571	 	1	 	0	 	 	-0.8321
830	 	0.5	 	-0.5	 	1.571	 	2	 	0	 	 	-0.82
831	 	0.5	 	-0.5	 	2.356	 	0	 	1	 	 	-0.9419
832	 	0.5	 	-0.5	 	2.356	 	1	 	1	 	 	35.1
833	 	0.5	 	-0.5	 	2.356	 	2	 	1	 	 	-1.048
834	 	0.5	 	-0.5	 	3.142	 	0	 	0	 	 	26.96
835	 	0.5	 	-0.5	 	3.142	 	1	 	0	 	 	-1.454
836	 	0.5	 	-0.5	 	3.142	 	2	 	0	 	 	-1.999
837	 	0.5	 	0	 	-3.142	 	0	 	0	 	 	-0.9987
838	 	0.5	 	0	 	-3.142	 	1	 	0	 	 	-1
839	 	0.5	 	0	 	-3.142	 	2	 	0	 	 	-1.064
840	 	0.5	 	0	 	-2.356	 	0	 	2	 	 	-1.38
841	 	0.5	 	0	 	-2.356	 	1	 	2	 	 	-1.37
842	 	0.5	 	0	 	-2.356	 	2	 	2	 	 	31.73
843	 	0.5	 	0	 	-1.571	 	0	 	2	 	 	-1.194
844	 	0.5	 	0	 	-1.571	 	1	 	2	 	 	-1.143
845	 	0.5	 	0	 	-1.571	 	2	 	2	 	 	39.79
846	 	0.5	 	0	 	-0.7854	 	0	 	2	 	 	-0.8922
847	 	0.5	 	0	 	-0.7854	 	1	 	2	 	 	-0.9111
848	 	0.5	 	0	 	-0.7854	 	2	 	2	 	 	46.68
849	 	0.5	 	0	 	0	 	0	 	2	 	 	-0.5217
850	 	0.5	 	0	 	0	 	1	 	2	 	 	-0.6085
851	 	0.5	 	0	 	0	 	2	 	2	 	 	52.07
852	 	0.5	 	0	 	0.7854	 	0	 	0	 	 	56.5
853	 	0.5	 	0	 	0.7854	 	1	 	0	 	 	-0.5812
854	 	0.5	 	0	 	0.7854	 	2	 	0	 	 	-0.6016
855	 	0.5	 	0	 	1.571	 	0	 	1	 	 	-0.6478
856	 	0.5	 	0	 	1.571	 	1	 	1	 	 	53.16
857	 	0.5	 	0	 	1.571	 	2	 	1	 	 	-0.6879
858	 	0.5	 	0	 	2.356	 	0	 	1	 	 	-0.8197
859	 	0.5	 	0	 	2.356	 	1	 	1	 	 	46.09
860	 	0.5	 	0	 	2.356	 	2	 	1	 	 	-0.7627
861	 	0.5	 	0	 	3.142	 	0	 	1	 	 	-0.6862
862	 	0.5	 	0	 	3.142	 	1	 	1	 	 	35.29
863	 	0.5	 	0	 	3.142	 	2	 	1	 	 	-1
864	 	0.5	 	0.5	 	-3.142	 	0	 	0	 	 	23.43
865	 	0.5	 	0.5	 	-3.142	 	1	 	0	 	 	-1.999
866	 	0.5	 	0.5	 	-3.142	 	2	 	0	 	 	-1.838
867	 	0.5	 	0.5	 	-2.356	 	0	 	0	 	 	-0.999
868	 	0.5	 	0.5	 	-2.356	 	1	 	0	 	 	-1.034
869	 	0.5	 	0.5	 	-2.356	 	2	 	0	 	 	-1.002
870	 	0.5	 	0.5	 	-1.571	 	0	 	2	 	 	-1.059
871	 	0.5	 	0.5	 	-1.571	 	1	 	2	 	 	-1.049
872	 	0.5	 	0.5	 	-1.571	 	2	 	2	 	 	31.67
873	 	0.5	 	0.5	 	-0.7854	 	0	 	2	 	 	-0.5695
874	 	0.5	 	0.5	 	-0.7854	 	1	 	2	 	 	-0.6537
875	 	0.5	 	0.5	 	-0.7854	 	2	 	2	 	 	43.98
876	 	0.5	 	0.5	 	0	 	0	 	0	 	 	49.9
877	 	0.5	 	0.5	 	0	 	1	 	0	 	 	-0.5445
878	 	0.5	 	0.5	 	0	 	2	 	0	 	 	-0.5823
879	 	0.5	 	0.5	 	0.7854	 	0	 	2	 	 	-0.4686
880	 	0.5	 	0.5	 	0.7854	 	1	 	2	 	 	-0.5044
881	 	0.5	 	0.5	 	0.7854	 	2	 	2	 	 	36.1
882	 	0.5	 	0.5	 	1.571	 	0	 	0	 	 	51.52
883	 	0.5	 	0.5	 	1.571	 	1	 	0	 	 	-0.6307
884	 	0.5	 	0.5	 	1.571	 	2	 	0	 	 	-0.6486
885	 	0.5	 	0.5	 	2.356	 	0	 	1	 	 	-0.7458
886	 	0.5	 	0.5	 	2.356	 	1	 	1	 	 	38.78
887	 	0.5	 	0.5	 	2.356	 	2	 	1	 	 	-0.7787
888	 	0.5	 	0.5	 	3.142	 	0	 	0	 	 	33.83
889	 	0.5	 	0.5	 	3.142	 	1	 	0	 	 	-1.063
890	 	0.5	 	0.5	 	3.142	 	2	 	0	 	 	-1.999
891	 	0.5	 	1	 	-3.142	 	0	 	2	 	 	-0.9114
892	 	0.5	 	1	 	-3.142	 	1	 	2	 	 	-1
893	 	0.5	 	1	 	-3.142	 	2	 	2	 	 	24.01
894	 	0.5	 	1	 	-2.356	 	0	 	2	 	 	-0.923
895	 	0.5	 	1	 	-2.356	 	1	 	2	 	 	-0.9663
896	 	0.5	 	1	 	-2.356	 	2	 	2	 	 	37.42
897	 	0.5	 	1	 	-1.571	 	0	 	2	 	 	-0.6714
898	 	0.5	 	1	 	-1.571	 	1	 	2	 	 	-0.7285
899	 	0.5	 	1	 	-1.571	 	2	 	2	 	 	44.51
900	 	0.5	 	1	 	-0.7854	 	0	 	2	 	 	-0.3825
901	 	0.5	 	1	 	-0.7854	 	1	 	2	 	 	-0.4074
902	 	0.5	 	1	 	-0.7854	 	2	 	2	 	 	51.11
903	 	0.5	 	1	 	0	 	0	 	2	 	 	-0.271
904	 	0.5	 	1	 	0	 	1	 	2	 	 	-0.3077
905	 	0.5	 	1	 	0	 	2	 	2	 	 	56.97
906	 	0.5	 	1	 	0.7854	 	0	 	0	 	 	62.32
907	 	0.5	 	1	 	0.7854	 	1	 	0	 	 	-0.2987
908	 	0.5	 	1	 	0.7854	 	2	 	0	 	 	-0.2997
909	 	0.5	 	1	 	1.571	 	0	 	1	 	 	-0.4569
910	 	0.5	 	1	 	1.571	 	1	 	1	 	 	57.92
911	 	0.5	 	1	 	1.571	 	2	 	1	 	 	-0.4135
912	 	0.5	 	1	 	2.356	 	0	 	1	 	 	-0.5637
913	 	0.5	 	1	 	2.356	 	1	 	1	 	 	52.02
914	 	0.5	 	1	 	2.356	 	2	 	1	 	 	-0.6428
915	 	0.5	 	1	 	3.142	 	0	 	1	 	 	-0.6126
916	 	0.5	 	1	 	3.142	 	1	 	1	 	 	40.23
917	 	0.5	 	1	 	3.142	 	2	 	1	 	 	-1
918	 	0.5	 	1.5	 	-3.142	 	0	 	2	 	 	-0.7313
919	 	0.5	 	1.5	 	-3.142	 	1	 	2	 	 	-1
920	 	0.5	 	1.5	 	-3.142	 	2	 	2	 	 	37.78
921	 	0.5	 	1.5	 	-2.356	 	0	 	2	 	 	-0.4095
922	 	0.5	 	1.5	 	-2.356	 	1	 	2	 	 	-0.4389
923	 	0.5	 	1.5	 	-2.356	 	2	 	2	 	 	50.72
924	 	0.5	 	1.5	 	-1.571	 	0	 	2	 	 	-0.2287
925	 	0.5	 	1.5	 	-1.571	 	1	 	2	 	 	-0.1999
926	 	0.5	 	1.5	 	-1.571	 	2	 	2	 	 	56.08
927	 	0.5	 	1.5	 	-0.7854	 	0	 	2	 	 	-0.1
928	 	0.5	 	1.5	 	-0.7854	 	1	 	2	 	 	-0.1
929	 	0.5	 	1.5	 	-0.7854	 	2	 	2	 	 	60.39
930	 	0.5	 	1.5	 	0	 	0	 	0	 	 	64.58
931	 	0.5	 	1.5	 	0	 	1	 	0	 	 	-0.1
932	 	0.5	 	1.5	 	0	 	2	 	0	 	 	-0.19
933	 	0.5	 	1.5	 	0.7854	 	0	 	1	 	 	-1
934	 	0.5	 	1.5	 	0.7854	 	1	 	1	 	 	58.1
935	 	0.5	 	1.5	 	0.7854	 	2	 	1	 	 	-0.3266
936	 	0.5	 	1.5	 	1.571	 	0	 	1	 	 	-1
937	 	0.5	 	1.5	 	1.571	 	1	 	1	 	 	53.37
938	 	0.5	 	1.5	 	1.571	 	2	 	1	 	 	-0.6011
939	 	0.5	 	1.5	 	2.356	 	0	 	1	 	 	-1
940	 	0.5	 	1.5	 	2.356	 	1	 	1	 	 	45.05
941	 	0.5	 	1.5	 	2.356	 	2	 	1	 	 	-0.9039
942	 	0.5	 	1.5	 	3.142	 	0	 	1	 	 	-1.153
943	 	0.5	 	1.5	 	3.142	 	1	 	1	 	 	29.88
944	 	0.5	 	1.5	 	3.142	 	2	 	1	 	 	-1.999
945	 	1	 	-1.5	 	-3.142	 	0	 	2	 	 	-4.158
946	 	1	 	-1.5	 	-3.142	 	1	 	2	 	 	-4.901
947	 	1	 	-1.5	 	-3.142	 	2	 	2	 	 	24.39
948	 	1	 	-1.5	 	-2.356	 	0	 	2	 	 	-3.994
949	 	1	 	-1.5	 	-2.356	 	1	 	2	 	 	-3.922
950	 	1	 	-1.5	 	-2.356	 	2	 	2	 	 	30.49
951	 	1	 	-1.5	 	-1.571	 	0	 	2	 	 	-3.994
952	 	1	 	-1.5	 	-1.571	 	1	 	2	 	 	-3.326
953	 	1	 	-1.5	 	-1.571	 	2	 	2	 	 	36.94
954	 	1	 	-1.5	 	-0.7854	 	0	 	2	 	 	-2.997
955	 	1	 	-1.5	 	-0.7854	 	1	 	2	 	 	-2.753
956	 	1	 	-1.5	 	-0.7854	 	2	 	2	 	 	42.44
957	 	1	 	-1.5	 	0	 	0	 	2	 	 	-2.12
958	 	1	 	-1.5	 	0	 	1	 	2	 	 	-2.194
959	 	1	 	-1.5	 	0	 	2	 	2	 	 	46.57
960	 	1	 	-1.5	 	0.7854	 	0	 	0	 	 	49.45
961	 	1	 	-1.5	 	0.7854	 	1	 	0	 	 	-1.415
962	 	1	 	-1.5	 	0.7854	 	2	 	0	 	 	-1.385
963	 	1	 	-1.5	 	1.571	 	0	 	2	 	 	-0.9354
964	 	1	 	-1.5	 	1.571	 	1	 	2	 	 	-0.9336
965	 	1	 	-1.5	 	1.571	 	2	 	2	 	 	30.8
966	 	1	 	-1.5	 	2.356	 	0	 	0	 	 	39.79
967	 	1	 	-1.5	 	2.356	 	1	 	0	 	 	-1.264
968	 	1	 	-1.5	 	2.356	 	2	 	0	 	 	-1.217
969	 	1	 	-1.5	 	3.142	 	0	 	1	 	 	-1.614
970	 	1	 	-1.5	 	3.142	 	1	 	1	 	 	30.48
971	 	1	 	-1.5	 	3.142	 	2	 	1	 	 	-1.999
972	 	1	 	-1	 	-3.142	 	0	 	0	 	 	0
973	 	1	 	-1	 	-3.142	 	1	 	0	 	 	0
974	 	1	 	-1	 	-3.142	 	2	 	0	 	 	0
975	 	1	 	-1	 	-2.356	 	0	 	0	 	 	0
976	 	1	 	-1	 	-2.356	 	1	 	0	 	 	0
977	 	1	 	-1	 	-2.356	 	2	 	0	 	 	0
978	 	1	 	-1	 	-1.571	 	0	 	0	 	 	0
979	 	1	 	-1	 	-1.571	 	1	 	0	 	 	0
980	 	1	 	-1	 	-1.571	 	2	 	0	 	 	0
981	 	1	 	-1	 	-0.7854	 	0	 	0	 	 	0
982	 	1	 	-1	 	-0.7854	 	1	 	0	 	 	0
983	 	1	 	-1	 	-0.7854	 	2	 	0	 	 	0
984	 	1	 	-1	 	0	 	0	 	0	 	 	0
985	 	1	 	-1	 	0	 	1	 	0	 	 	0
986	 	1	 	-1	 	0	 	2	 	0	 	 	0
987	 	1	 	-1	 	0.7854	 	0	 	0	 	 	0
988	 	1	 	-1	 	0.7854	 	1	 	0	 	 	0
989	 	1	 	-1	 	0.7854	 	2	 	0	 	 	0
990	 	1	 	-1	 	1.571	 	0	 	0	 	 	0
991	 	1	 	-1	 	1.571	 	1	 	0	 	 	0
992	 	1	 	-1	 	1.571	 	2	 	0	 	 	0
993	 	1	 	-1	 	2.356	 	0	 	0	 	 	0
994	 	1	 	-1	 	2.356	 	1	 	0	 	 	0
995	 	1	 	-1	 	2.356	 	2	 	0	 	 	0
996	 	1	 	-1	 	3.142	 	0	 	0	 	 	0
997	 	1	 	-1	 	3.142	 	1	 	0	 	 	0
998	 	1	 	-1	 	3.142	 	2	 	0	 	 	0
999	 	1	 	-0.5	 	-3.142	 	0	 	2	 	 	-1.803
1000	 	1	 	-0.5	 	-3.142	 	1	 	2	 	 	-1.999
1001	 	1	 	-0.5	 	-3.142	 	2	 	2	 	 	34.39
1002	 	1	 	-0.5	 	-2.356	 	0	 	2	 	 	-1.664
1003	 	1	 	-0.5	 	-2.356	 	1	 	2	 	 	-1.58
1004	 	1	 	-0.5	 	-2.356	 	2	 	2	 	 	39.3
1005	 	1	 	-0.5	 	-1.571	 	0	 	2	 	 	-0.9114
1006	 	1	 	-0.5	 	-1.571	 	1	 	2	 	 	-0.9176
1007	 	1	 	-0.5	 	-1.571	 	2	 	2	 	 	43.9
1008	 	1	 	-0.5	 	-0.7854	 	0	 	2	 	 	-1.166
1009	 	1	 	-0.5	 	-0.7854	 	1	 	2	 	 	-1.059
1010	 	1	 	-0.5	 	-0.7854	 	2	 	2	 	 	47.87
1011	 	1	 	-0.5	 	0	 	0	 	2	 	 	-1.01
1012	 	1	 	-0.5	 	0	 	1	 	2	 	 	-0.9378
1013	 	1	 	-0.5	 	0	 	2	 	2	 	 	51.37
1014	 	1	 	-0.5	 	0.7854	 	0	 	0	 	 	54.38
1015	 	1	 	-0.5	 	0.7854	 	1	 	0	 	 	-0.8579
1016	 	1	 	-0.5	 	0.7854	 	2	 	0	 	 	-0.819
1017	 	1	 	-0.5	 	1.571	 	0	 	1	 	 	-0.6126
1018	 	1	 	-0.5	 	1.571	 	1	 	1	 	 	50.26
1019	 	1	 	-0.5	 	1.571	 	2	 	1	 	 	-0.6294
1020	 	1	 	-0.5	 	2.356	 	0	 	1	 	 	-0.9007
1021	 	1	 	-0.5	 	2.356	 	1	 	1	 	 	43.37
1022	 	1	 	-0.5	 	2.356	 	2	 	1	 	 	-0.8883
1023	 	1	 	-0.5	 	3.142	 	0	 	1	 	 	-1.123
1024	 	1	 	-0.5	 	3.142	 	1	 	1	 	 	34.9
1025	 	1	 	-0.5	 	3.142	 	2	 	1	 	 	-1.999
1026	 	1	 	0	 	-3.142	 	0	 	0	 	 	0
1027	 	1	 	0	 	-3.142	 	1	 	0	 	 	0
1028	 	1	 	0	 	-3.142	 	2	 	0	 	 	0
1029	 	1	 	0	 	-2.356	 	0	 	0	 	 	0
1030	 	1	 	0	 	-2.356	 	1	 	0	 	 	0
1031	 	1	 	0	 	-2.356	 	2	 	0	 	 	0
1032	 	1	 	0	 	-1.571	 	0	 	0	 	 	0
1033	 	1	 	0	 	-1.571	 	1	 	0	 	 	0
1034	 	1	 	0	 	-1.571	 	2	 	0	 	 	0
1035	 	1	 	0	 	-0.7854	 	0	 	0	 	 	0
1036	 	1	 	0	 	-0.7854	 	1	 	0	 	 	0
1037	 	1	 	0	 	-0.7854	 	2	 	0	 	 	0
1038	 	1	 	0	 	0	 	0	 	0	 	 	0
1039	 	1	 	0	 	0	 	1	 	0	 	 	0
1040	 	1	 	0	 	0	 	2	 	0	 	 	0
1041	 	1	 	0	 	0.7854	 	0	 	0	 	 	0
1042	 	1	 	0	 	0.7854	 	1	 	0	 	 	0
1043	 	1	 	0	 	0.7854	 	2	 	0	 	 	0
1044	 	1	 	0	 	1.571	 	0	 	0	 	 	0
1045	 	1	 	0	 	1.571	 	1	 	0	 	 	0
1046	 	1	 	0	 	1.571	 	2	 	0	 	 	0
1047	 	1	 	0	 	2.356	 	0	 	0	 	 	0
1048	 	1	 	0	 	2.356	 	1	 	0	 	 	0
1049	 	1	 	0	 	2.356	 	2	 	0	 	 	0
1050	 	1	 	0	 	3.142	 	0	 	0	 	 	0
1051	 	1	 	0	 	3.142	 	1	 	0	 	 	0
1052	 	1	 	0	 	3.142	 	2	 	0	 	 	0
1053	 	1	 	0.5	 	-3.142	 	0	 	2	 	 	-1.421
1054	 	1	 	0.5	 	-3.142	 	1	 	2	 	 	-1.999
1055	 	1	 	0.5	 	-3.142	 	2	 	2	 	 	29.96
1056	 	1	 	0.5	 	-2.356	 	0	 	2	 	 	-1.095
1057	 	1	 	0.5	 	-2.356	 	1	 	2	 	 	-1.114
1058	 	1	 	0.5	 	-2.356	 	2	 	2	 	 	38.24
1059	 	1	 	0.5	 	-1.571	 	0	 	2	 	 	-0.6513
1060	 	1	 	0.5	 	-1.571	 	1	 	2	 	 	-0.6734
1061	 	1	 	0.5	 	-1.571	 	2	 	2	 	 	44.57
1062	 	1	 	0.5	 	-0.7854	 	0	 	2	 	 	-0.6697
1063	 	1	 	0.5	 	-0.7854	 	1	 	2	 	 	-0.5678
1064	 	1	 	0.5	 	-0.7854	 	2	 	2	 	 	51.1
1065	 	1	 	0.5	 	0	 	0	 	2	 	 	-0.4342
1066	 	1	 	0.5	 	0	 	1	 	2	 	 	-0.3922
1067	 	1	 	0.5	 	0	 	2	 	2	 	 	55.36
1068	 	1	 	0.5	 	0.7854	 	0	 	0	 	 	58.35
1069	 	1	 	0.5	 	0.7854	 	1	 	0	 	 	-0.3096
1070	 	1	 	0.5	 	0.7854	 	2	 	0	 	 	-0.2809
1071	 	1	 	0.5	 	1.571	 	0	 	1	 	 	-0.3439
1072	 	1	 	0.5	 	1.571	 	1	 	1	 	 	53.26
1073	 	1	 	0.5	 	1.571	 	2	 	1	 	 	-0.3089
1074	 	1	 	0.5	 	2.356	 	0	 	1	 	 	-0.5353
1075	 	1	 	0.5	 	2.356	 	1	 	1	 	 	46.22
1076	 	1	 	0.5	 	2.356	 	2	 	1	 	 	-0.4994
1077	 	1	 	0.5	 	3.142	 	0	 	1	 	 	-0.6999
1078	 	1	 	0.5	 	3.142	 	1	 	1	 	 	36.29
1079	 	1	 	0.5	 	3.142	 	2	 	1	 	 	-1
1080	 	1	 	1	 	-3.142	 	0	 	0	 	 	0
1081	 	1	 	1	 	-3.142	 	1	 	0	 	 	0
1082	 	1	 	1	 	-3.142	 	2	 	0	 	 	0
1083	 	1	 	1	 	-2.356	 	0	 	0	 	 	0
1084	 	1	 	1	 	-2.356	 	1	 	0	 	 	0
1085	 	1	 	1	 	-2.356	 	2	 	0	 	 	0
1086	 	1	 	1	 	-1.571	 	0	 	0	 	 	0
1087	 	1	 	1	 	-1.571	 	1	 	0	 	 	0
1088	 	1	 	1	 	-1.571	 	2	 	0	 	 	0
1089	 	1	 	1	 	-0.7854	 	0	 	0	 	 	0
1090	 	1	 	1	 	-0.7854	 	1	 	0	 	 	0
1091	 	1	 	1	 	-0.7854	 	2	 	0	 	 	0
1092	 	1	 	1	 	0	 	0	 	0	 	 	0
1093	 	1	 	1	 	0	 	1	 	0	 	 	0
1094	 	1	 	1	 	0	 	2	 	0	 	 	0
1095	 	1	 	1	 	0.7854	 	0	 	0	 	 	0
1096	 	1	 	1	 	0.7854	 	1	 	0	 	 	0
1097	 	1	 	1	 	0.7854	 	2	 	0	 	 	0
1098	 	1	 	1	 	1.571	 	0	 	0	 	 	0
1099	 	1	 	1	 	1.571	 	1	 	0	 	 	0
1100	 	1	 	1	 	1.571	 	2	 	0	 	 	0
1101	 	1	 	1	 	2.356	 	0	 	0	 	 	0
1102	 	1	 	1	 	2.356	 	1	 	0	 	 	0
1103	 	1	 	1	 	2.356	 	2	 	0	 	 	0
1104	 	1	 	1	 	3.142	 	0	 	0	 	 	0
1105	 	1	 	1	 	3.142	 	1	 	0	 	 	0
1106	 	1	 	1	 	3.142	 	2	 	0	 	 	0
1107	 	1	 	1.5	 	-3.142	 	0	 	2	 	 	-0.7535
1108	 	1	 	1.5	 	-3.142	 	1	 	2	 	 	-1
1109	 	1	 	1.5	 	-3.142	 	2	 	2	 	 	28.94
1110	 	1	 	1.5	 	-2.356	 	0	 	2	 	 	-0.3402
1111	 	1	 	1.5	 	-2.356	 	1	 	2	 	 	-0.3694
1112	 	1	 	1.5	 	-2.356	 	2	 	2	 	 	45.33
1113	 	1	 	1.5	 	-1.571	 	0	 	2	 	 	-0.19
1114	 	1	 	1.5	 	-1.571	 	1	 	2	 	 	-0.1099
1115	 	1	 	1.5	 	-1.571	 	2	 	2	 	 	53.23
1116	 	1	 	1.5	 	-0.7854	 	0	 	2	 	 	-0.1
1117	 	1	 	1.5	 	-0.7854	 	1	 	2	 	 	-0.1099
1118	 	1	 	1.5	 	-0.7854	 	2	 	2	 	 	59.23
1119	 	1	 	1.5	 	0	 	0	 	0	 	 	66.25
1120	 	1	 	1.5	 	0	 	1	 	0	 	 	-0.1
1121	 	1	 	1.5	 	0	 	2	 	0	 	 	-0.1001
1122	 	1	 	1.5	 	0.7854	 	0	 	1	 	 	-1
1123	 	1	 	1.5	 	0.7854	 	1	 	1	 	 	64.44
1124	 	1	 	1.5	 	0.7854	 	2	 	1	 	 	-0.4101
1125	 	1	 	1.5	 	1.571	 	0	 	1	 	 	-1
1126	 	1	 	1.5	 	1.571	 	1	 	1	 	 	58.83
1127	 	1	 	1.5	 	1.571	 	2	 	1	 	 	-0.3877
1128	 	1	 	1.5	 	2.356	 	0	 	1	 	 	-1
1129	 	1	 	1.5	 	2.356	 	1	 	1	 	 	51.85
1130	 	1	 	1.5	 	2.356	 	2	 	1	 	 	-0.5519
1131	 	1	 	1.5	 	3.142	 	0	 	1	 	 	-0.7982
1132	 	1	 	1.5	 	3.142	 	1	 	1	 	 	39.48
1133	 	1	 	1.5	 	3.142	 	2	 	1	 	 	-3.439
1134	 	1.5	 	-1.5	 	-3.142	 	0	 	2	 	 	-3.715
1135	 	1.5	 	-1.5	 	-3.142	 	1	 	2	 	 	-3.994
1136	 	1.5	 	-1.5	 	-3.142	 	2	 	2	 	 	22.85
1137	 	1.5	 	-1.5	 	-2.356	 	0	 	2	 	 	-3.994
1138	 	1.5	 	-1.5	 	-2.356	 	1	 	2	 	 	-3.502
1139	 	1.5	 	-1.5	 	-2.356	 	2	 	2	 	 	30.03
1140	 	1.5	 	-1.5	 	-1.571	 	0	 	2	 	 	-3.994
1141	 	1.5	 	-1.5	 	-1.571	 	1	 	2	 	 	-3.26
1142	 	1.5	 	-1.5	 	-1.571	 	2	 	2	 	 	34.38
1143	 	1.5	 	-1.5	 	-0.7854	 	0	 	2	 	 	-2.918
1144	 	1.5	 	-1.5	 	-0.7854	 	1	 	2	 	 	-2.793
1145	 	1.5	 	-1.5	 	-0.7854	 	2	 	2	 	 	38.92
1146	 	1.5	 	-1.5	 	0	 	0	 	2	 	 	-2.997
1147	 	1.5	 	-1.5	 	0	 	1	 	2	 	 	-2.39
1148	 	1.5	 	-1.5	 	0	 	2	 	2	 	 	43.06
1149	 	1.5	 	-1.5	 	0.7854	 	0	 	2	 	 	-1.999
1150	 	1.5	 	-1.5	 	0.7854	 	1	 	2	 	 	-1.72
1151	 	1.5	 	-1.5	 	0.7854	 	2	 	2	 	 	47.27
1152	 	1.5	 	-1.5	 	1.571	 	0	 	0	 	 	51.04
1153	 	1.5	 	-1.5	 	1.571	 	1	 	0	 	 	-0.9819
1154	 	1.5	 	-1.5	 	1.571	 	2	 	0	 	 	-0.9549
1155	 	1.5	 	-1.5	 	2.356	 	0	 	1	 	 	-0.6513
1156	 	1.5	 	-1.5	 	2.356	 	1	 	1	 	 	43.76
1157	 	1.5	 	-1.5	 	2.356	 	2	 	1	 	 	-0.7354
1158	 	1.5	 	-1.5	 	3.142	 	0	 	1	 	 	-0.8139
1159	 	1.5	 	-1.5	 	3.142	 	1	 	1	 	 	31.66
1160	 	1.5	 	-1.5	 	3.142	 	2	 	1	 	 	-1
1161	 	1.5	 	-1	 	-3.142	 	0	 	0	 	 	-0.9995
1162	 	1.5	 	-1	 	-3.142	 	1	 	0	 	 	-1
1163	 	1.5	 	-1	 	-3.142	 	2	 	0	 	 	-1.01
1164	 	1.5	 	-1	 	-2.356	 	0	 	2	 	 	-1.857
1165	 	1.5	 	-1	 	-2.356	 	1	 	2	 	 	-1.728
1166	 	1.5	 	-1	 	-2.356	 	2	 	2	 	 	26.88
1167	 	1.5	 	-1	 	-1.571	 	0	 	2	 	 	-2.044
1168	 	1.5	 	-1	 	-1.571	 	1	 	2	 	 	-1.938
1169	 	1.5	 	-1	 	-1.571	 	2	 	2	 	 	36.36
1170	 	1.5	 	-1	 	-0.7854	 	0	 	2	 	 	-1.9
1171	 	1.5	 	-1	 	-0.7854	 	1	 	2	 	 	-1.828
1172	 	1.5	 	-1	 	-0.7854	 	2	 	2	 	 	43.25
1173	 	1.5	 	-1	 	0	 	0	 	2	 	 	-1.999
1174	 	1.5	 	-1	 	0	 	1	 	2	 	 	-1.592
1175	 	1.5	 	-1	 	0	 	2	 	2	 	 	48.38
1176	 	1.5	 	-1	 	0.7854	 	0	 	2	 	 	-1.999
1177	 	1.5	 	-1	 	0.7854	 	1	 	2	 	 	-1.4
1178	 	1.5	 	-1	 	0.7854	 	2	 	2	 	 	52.1
1179	 	1.5	 	-1	 	1.571	 	0	 	0	 	 	54.34
1180	 	1.5	 	-1	 	1.571	 	1	 	0	 	 	-0.9559
1181	 	1.5	 	-1	 	1.571	 	2	 	0	 	 	-0.9291
1182	 	1.5	 	-1	 	2.356	 	0	 	1	 	 	-0.7615
1183	 	1.5	 	-1	 	2.356	 	1	 	1	 	 	45.68
1184	 	1.5	 	-1	 	2.356	 	2	 	1	 	 	-0.7879
1185	 	1.5	 	-1	 	3.142	 	0	 	1	 	 	-0.6126
1186	 	1.5	 	-1	 	3.142	 	1	 	1	 	 	35.43
1187	 	1.5	 	-1	 	3.142	 	2	 	1	 	 	-1
1188	 	1.5	 	-0.5	 	-3.142	 	0	 	0	 	 	25.96
1189	 	1.5	 	-0.5	 	-3.142	 	1	 	0	 	 	-1.999
1190	 	1.5	 	-0.5	 	-3.142	 	2	 	0	 	 	-1.619
1191	 	1.5	 	-0.5	 	-2.356	 	0	 	0	 	 	-0.9999
1192	 	1.5	 	-0.5	 	-2.356	 	1	 	0	 	 	-1.017
1193	 	1.5	 	-0.5	 	-2.356	 	2	 	0	 	 	-1.058
1194	 	1.5	 	-0.5	 	-1.571	 	0	 	2	 	 	-1.537
1195	 	1.5	 	-0.5	 	-1.571	 	1	 	2	 	 	-1.474
1196	 	1.5	 	-0.5	 	-1.571	 	2	 	2	 	 	30.8
1197	 	1.5	 	-0.5	 	-0.7854	 	0	 	2	 	 	-1.999
1198	 	1.5	 	-0.5	 	-0.7854	 	1	 	2	 	 	-1.344
1199	 	1.5	 	-0.5	 	-0.7854	 	2	 	2	 	 	38.37
1200	 	1.5	 	-0.5	 	0	 	0	 	2	 	 	-1.999
1201	 	1.5	 	-0.5	 	0	 	1	 	2	 	 	-1.305
1202	 	1.5	 	-0.5	 	0	 	2	 	2	 	 	45.51
1203	 	1.5	 	-0.5	 	0.7854	 	0	 	2	 	 	-1
1204	 	1.5	 	-0.5	 	0.7854	 	1	 	2	 	 	-0.9031
1205	 	1.5	 	-0.5	 	0.7854	 	2	 	2	 	 	51.54
1206	 	1.5	 	-0.5	 	1.571	 	0	 	0	 	 	56.39
1207	 	1.5	 	-0.5	 	1.571	 	1	 	0	 	 	-0.532
1208	 	1.5	 	-0.5	 	1.571	 	2	 	0	 	 	-0.5846
1209	 	1.5	 	-0.5	 	2.356	 	0	 	1	 	 	-0.4095
1210	 	1.5	 	-0.5	 	2.356	 	1	 	1	 	 	51.14
1211	 	1.5	 	-0.5	 	2.356	 	2	 	1	 	 	-0.3767
1212	 	1.5	 	-0.5	 	3.142	 	0	 	1	 	 	-0.6661
1213	 	1.5	 	-0.5	 	3.142	 	1	 	1	 	 	42.98
1214	 	1.5	 	-0.5	 	3.142	 	2	 	1	 	 	-1
1215	 	1.5	 	0	 	-3.142	 	0	 	2	 	 	-0.9618
1216	 	1.5	 	0	 	-3.142	 	1	 	2	 	 	-1
1217	 	1.5	 	0	 	-3.142	 	2	 	2	 	 	29.29
1218	 	1.5	 	0	 	-2.356	 	0	 	2	 	 	-1.329
1219	 	1.5	 	0	 	-2.356	 	1	 	2	 	 	-1.319
1220	 	1.5	 	0	 	-2.356	 	2	 	2	 	 	36.23
1221	 	1.5	 	0	 	-1.571	 	0	 	2	 	 	-1.191
1222	 	1.5	 	0	 	-1.571	 	1	 	2	 	 	-1.127
1223	 	1.5	 	0	 	-1.571	 	2	 	2	 	 	41.91
1224	 	1.5	 	0	 	-0.7854	 	0	 	2	 	 	-3.458
1225	 	1.5	 	0	 	-0.7854	 	1	 	2	 	 	-1.125
1226	 	1.5	 	0	 	-0.7854	 	2	 	2	 	 	47.71
1227	 	1.5	 	0	 	0	 	0	 	2	 	 	-1
1228	 	1.5	 	0	 	0	 	1	 	2	 	 	-0.9821
1229	 	1.5	 	0	 	0	 	2	 	2	 	 	52.66
1230	 	1.5	 	0	 	0.7854	 	0	 	2	 	 	-1.9
1231	 	1.5	 	0	 	0.7854	 	1	 	2	 	 	-0.8074
1232	 	1.5	 	0	 	0.7854	 	2	 	2	 	 	56.38
1233	 	1.5	 	0	 	1.571	 	0	 	0	 	 	58.34
1234	 	1.5	 	0	 	1.571	 	1	 	0	 	 	-0.322
1235	 	1.5	 	0	 	1.571	 	2	 	0	 	 	-0.3538
1236	 	1.5	 	0	 	2.356	 	0	 	1	 	 	-0.2809
1237	 	1.5	 	0	 	2.356	 	1	 	1	 	 	51.26
1238	 	1.5	 	0	 	2.356	 	2	 	1	 	 	-0.2926
1239	 	1.5	 	0	 	3.142	 	0	 	1	 	 	-0.3439
1240	 	1.5	 	0	 	3.142	 	1	 	1	 	 	42.26
1241	 	1.5	 	0	 	3.142	 	2	 	1	 	 	-1
1242	 	1.5	 	0.5	 	-3.142	 	0	 	2	 	 	-1.29
1243	 	1.5	 	0.5	 	-3.142	 	1	 	2	 	 	-1.999
1244	 	1.5	 	0.5	 	-3.142	 	2	 	2	 	 	27.96
1245	 	1.5	 	0.5	 	-2.356	 	0	 	2	 	 	-0.8649
1246	 	1.5	 	0.5	 	-2.356	 	1	 	2	 	 	-0.9422
1247	 	1.5	 	0.5	 	-2.356	 	2	 	2	 	 	36.19
1248	 	1.5	 	0.5	 	-1.571	 	0	 	2	 	 	-0.7972
1249	 	1.5	 	0.5	 	-1.571	 	1	 	2	 	 	-0.8387
1250	 	1.5	 	0.5	 	-1.571	 	2	 	2	 	 	42.53
1251	 	1.5	 	0.5	 	-0.7854	 	0	 	2	 	 	-1
1252	 	1.5	 	0.5	 	-0.7854	 	1	 	2	 	 	-0.7292
1253	 	1.5	 	0.5	 	-0.7854	 	2	 	2	 	 	47.83
1254	 	1.5	 	0.5	 	0	 	0	 	2	 	 	-1
1255	 	1.5	 	0.5	 	0	 	1	 	2	 	 	-0.4956
1256	 	1.5	 	0.5	 	0	 	2	 	2	 	 	52.7
1257	 	1.5	 	0.5	 	0.7854	 	0	 	2	 	 	-1
1258	 	1.5	 	0.5	 	0.7854	 	1	 	2	 	 	-0.3255
1259	 	1.5	 	0.5	 	0.7854	 	2	 	2	 	 	56.43
1260	 	1.5	 	0.5	 	1.571	 	0	 	0	 	 	60.03
1261	 	1.5	 	0.5	 	1.571	 	1	 	0	 	 	-0.1099
1262	 	1.5	 	0.5	 	1.571	 	2	 	0	 	 	-0.1
1263	 	1.5	 	0.5	 	2.356	 	0	 	1	 	 	-0.1
1264	 	1.5	 	0.5	 	2.356	 	1	 	1	 	 	53.97
1265	 	1.5	 	0.5	 	2.356	 	2	 	1	 	 	0
1266	 	1.5	 	0.5	 	3.142	 	0	 	1	 	 	-0.1
1267	 	1.5	 	0.5	 	3.142	 	1	 	1	 	 	45.16
1268	 	1.5	 	0.5	 	3.142	 	2	 	1	 	 	-1
1269	 	1.5	 	1	 	-3.142	 	0	 	2	 	 	-0.8499
1270	 	1.5	 	1	 	-3.142	 	1	 	2	 	 	-1
1271	 	1.5	 	1	 	-3.142	 	2	 	2	 	 	31.58
1272	 	1.5	 	1	 	-2.356	 	0	 	2	 	 	-0.7966
1273	 	1.5	 	1	 	-2.356	 	1	 	2	 	 	-0.7719
1274	 	1.5	 	1	 	-2.356	 	2	 	2	 	 	39.32
1275	 	1.5	 	1	 	-1.571	 	0	 	2	 	 	-0.5258
1276	 	1.5	 	1	 	-1.571	 	1	 	2	 	 	-0.5812
1277	 	1.5	 	1	 	-1.571	 	2	 	2	 	 	45.04
1278	 	1.5	 	1	 	-0.7854	 	0	 	2	 	 	-1
1279	 	1.5	 	1	 	-0.7854	 	1	 	2	 	 	-0.457
1280	 	1.5	 	1	 	-0.7854	 	2	 	2	 	 	50.54
1281	 	1.5	 	1	 	0	 	0	 	2	 	 	-1
1282	 	1.5	 	1	 	0	 	1	 	2	 	 	-0.3077
1283	 	1.5	 	1	 	0	 	2	 	2	 	 	56.2
1284	 	1.5	 	1	 	0.7854	 	0	 	2	 	 	-1
1285	 	1.5	 	1	 	0.7854	 	1	 	2	 	 	-0.1099
1286	 	1.5	 	1	 	0.7854	 	2	 	2	 	 	60.03
1287	 	1.5	 	1	 	1.571	 	0	 	0	 	 	61.66
1288	 	1.5	 	1	 	1.571	 	1	 	0	 	 	0
1289	 	1.5	 	1	 	1.571	 	2	 	0	 	 	-0.1
1290	 	1.5	 	1	 	2.356	 	0	 	1	 	 	-0.1
1291	 	1.5	 	1	 	2.356	 	1	 	1	 	 	53.63
1292	 	1.5	 	1	 	2.356	 	2	 	1	 	 	0
1293	 	1.5	 	1	 	3.142	 	0	 	1	 	 	-0.1
1294	 	1.5	 	1	 	3.142	 	1	 	1	 	 	42.91
1295	 	1.5	 	1	 	3.142	 	2	 	1	 	 	0
1296	 	1.5	 	1.5	 	-3.142	 	0	 	2	 	 	-0.1188
1297	 	1.5	 	1.5	 	-3.142	 	1	 	2	 	 	-1
1298	 	1.5	 	1.5	 	-3.142	 	2	 	2	 	 	61.57
1299	 	1.5	 	1.5	 	-2.356	 	0	 	1	 	 	-0.1
1300	 	1.5	 	1.5	 	-2.356	 	1	 	1	 	 	61.69
1301	 	1.5	 	1.5	 	-2.356	 	2	 	1	 	 	0
1302	 	1.5	 	1.5	 	-1.571	 	0	 	1	 	 	-0.1
1303	 	1.5	 	1.5	 	-1.571	 	1	 	1	 	 	57.48
1304	 	1.5	 	1.5	 	-1.571	 	2	 	1	 	 	0
1305	 	1.5	 	1.5	 	-0.7854	 	0	 	1	 	 	-1
1306	 	1.5	 	1.5	 	-0.7854	 	1	 	1	 	 	58.88
1307	 	1.5	 	1.5	 	-0.7854	 	2	 	1	 	 	0
1308	 	1.5	 	1.5	 	0	 	0	 	1	 	 	-1
1309	 	1.5	 	1.5	 	0	 	1	 	1	 	 	56.82
1310	 	1.5	 	1.5	 	0	 	2	 	1	 	 	0
1311	 	1.5	 	1.5	 	0.7854	 	0	 	1	 	 	-1
1312	 	1.5	 	1.5	 	0.7854	 	1	 	1	 	 	52.59
1313	 	1.5	 	1.5	 	0.7854	 	2	 	1	 	 	0
1314	 	1.5	 	1.5	 	1.571	 	0	 	1	 	 	-1
1315	 	1.5	 	1.5	 	1.571	 	1	 	1	 	 	52.18
1316	 	1.5	 	1.5	 	1.571	 	2	 	1	 	 	0
1317	 	1.5	 	1.5	 	2.356	 	0	 	1	 	 	-1
1318	 	1.5	 	1.5	 	2.356	 	1	 	1	 	 	50.55
1319	 	1.5	 	1.5	 	2.356	 	2	 	1	 	 	0
1320	 	1.5	 	1.5	 	3.142	 	0	 	1	 	 	-0.1216
1321	 	1.5	 	1.5	 	3.142	 	1	 	1	 	 	51.53
1322	 	1.5	 	1.5	 	3.142	 	2	 	1	 	 	0
