Gamma     = 0.99 , alpha    = 0.1 , episodes            = 30000
n actions = 3    , n states = 504 , n state action pair = 1512

row	 	 x	 	 y	 	theta	 	actions	 	best action	 	Q Table
0	 	-6.5	 	0.5	 	-3.142	 	0	 	2	 	 	-1
1	 	-6.5	 	0.5	 	-3.142	 	1	 	2	 	 	-1
2	 	-6.5	 	0.5	 	-3.142	 	2	 	2	 	 	53.21
3	 	-6.5	 	0.5	 	-2.356	 	0	 	1	 	 	-1
4	 	-6.5	 	0.5	 	-2.356	 	1	 	1	 	 	57.41
5	 	-6.5	 	0.5	 	-2.356	 	2	 	1	 	 	0
6	 	-6.5	 	0.5	 	-1.571	 	0	 	1	 	 	-1
7	 	-6.5	 	0.5	 	-1.571	 	1	 	1	 	 	60.4
8	 	-6.5	 	0.5	 	-1.571	 	2	 	1	 	 	0
9	 	-6.5	 	0.5	 	-0.7854	 	0	 	1	 	 	-1
10	 	-6.5	 	0.5	 	-0.7854	 	1	 	1	 	 	58.75
11	 	-6.5	 	0.5	 	-0.7854	 	2	 	1	 	 	0
12	 	-6.5	 	0.5	 	0	 	0	 	1	 	 	-0.1099
13	 	-6.5	 	0.5	 	0	 	1	 	1	 	 	56.59
14	 	-6.5	 	0.5	 	0	 	2	 	1	 	 	0
15	 	-6.5	 	0.5	 	0.7854	 	0	 	1	 	 	-0.1
16	 	-6.5	 	0.5	 	0.7854	 	1	 	1	 	 	55.64
17	 	-6.5	 	0.5	 	0.7854	 	2	 	1	 	 	0
18	 	-6.5	 	0.5	 	1.571	 	0	 	1	 	 	-0.1302
19	 	-6.5	 	0.5	 	1.571	 	1	 	1	 	 	52.79
20	 	-6.5	 	0.5	 	1.571	 	2	 	1	 	 	0
21	 	-6.5	 	0.5	 	2.356	 	0	 	1	 	 	-1
22	 	-6.5	 	0.5	 	2.356	 	1	 	1	 	 	53.39
23	 	-6.5	 	0.5	 	2.356	 	2	 	1	 	 	0
24	 	-6.5	 	0.5	 	3.142	 	0	 	1	 	 	-1
25	 	-6.5	 	0.5	 	3.142	 	1	 	1	 	 	56.05
26	 	-6.5	 	0.5	 	3.142	 	2	 	1	 	 	0
27	 	-6.5	 	1	 	-3.142	 	0	 	2	 	 	-2.729
28	 	-6.5	 	1	 	-3.142	 	1	 	2	 	 	-1
29	 	-6.5	 	1	 	-3.142	 	2	 	2	 	 	52.67
30	 	-6.5	 	1	 	-2.356	 	0	 	2	 	 	-1
31	 	-6.5	 	1	 	-2.356	 	1	 	2	 	 	-0.1999
32	 	-6.5	 	1	 	-2.356	 	2	 	2	 	 	64.73
33	 	-6.5	 	1	 	-1.571	 	0	 	0	 	 	69.8
34	 	-6.5	 	1	 	-1.571	 	1	 	0	 	 	-0.2294
35	 	-6.5	 	1	 	-1.571	 	2	 	0	 	 	-0.1
36	 	-6.5	 	1	 	-0.7854	 	0	 	1	 	 	-0.1
37	 	-6.5	 	1	 	-0.7854	 	1	 	1	 	 	62.39
38	 	-6.5	 	1	 	-0.7854	 	2	 	1	 	 	0
39	 	-6.5	 	1	 	0	 	0	 	1	 	 	-0.1099
40	 	-6.5	 	1	 	0	 	1	 	1	 	 	55.69
41	 	-6.5	 	1	 	0	 	2	 	1	 	 	-0.1123
42	 	-6.5	 	1	 	0.7854	 	0	 	1	 	 	-0.3428
43	 	-6.5	 	1	 	0.7854	 	1	 	1	 	 	43.51
44	 	-6.5	 	1	 	0.7854	 	2	 	1	 	 	-0.3862
45	 	-6.5	 	1	 	1.571	 	0	 	0	 	 	48.83
46	 	-6.5	 	1	 	1.571	 	1	 	0	 	 	-0.7683
47	 	-6.5	 	1	 	1.571	 	2	 	0	 	 	-0.7795
48	 	-6.5	 	1	 	2.356	 	0	 	1	 	 	-1.999
49	 	-6.5	 	1	 	2.356	 	1	 	1	 	 	42.94
50	 	-6.5	 	1	 	2.356	 	2	 	1	 	 	-1.419
51	 	-6.5	 	1	 	3.142	 	0	 	1	 	 	-1.999
52	 	-6.5	 	1	 	3.142	 	1	 	1	 	 	33.42
53	 	-6.5	 	1	 	3.142	 	2	 	1	 	 	-1.999
54	 	-6.5	 	1.5	 	-3.142	 	0	 	2	 	 	-2.772
55	 	-6.5	 	1.5	 	-3.142	 	1	 	2	 	 	-1
56	 	-6.5	 	1.5	 	-3.142	 	2	 	2	 	 	49.92
57	 	-6.5	 	1.5	 	-2.356	 	0	 	2	 	 	-1
58	 	-6.5	 	1.5	 	-2.356	 	1	 	2	 	 	-0.4057
59	 	-6.5	 	1.5	 	-2.356	 	2	 	2	 	 	66.29
60	 	-6.5	 	1.5	 	-1.571	 	0	 	0	 	 	68.08
61	 	-6.5	 	1.5	 	-1.571	 	1	 	0	 	 	-0.371
62	 	-6.5	 	1.5	 	-1.571	 	2	 	0	 	 	-0.1
63	 	-6.5	 	1.5	 	-0.7854	 	0	 	1	 	 	-0.1
64	 	-6.5	 	1.5	 	-0.7854	 	1	 	1	 	 	64.08
65	 	-6.5	 	1.5	 	-0.7854	 	2	 	1	 	 	-0.1
66	 	-6.5	 	1.5	 	0	 	0	 	1	 	 	-0.2098
67	 	-6.5	 	1.5	 	0	 	1	 	1	 	 	60.81
68	 	-6.5	 	1.5	 	0	 	2	 	1	 	 	-0.2333
69	 	-6.5	 	1.5	 	0.7854	 	0	 	1	 	 	-0.5548
70	 	-6.5	 	1.5	 	0.7854	 	1	 	1	 	 	57.86
71	 	-6.5	 	1.5	 	0.7854	 	2	 	1	 	 	-0.622
72	 	-6.5	 	1.5	 	1.571	 	0	 	1	 	 	-1.229
73	 	-6.5	 	1.5	 	1.571	 	1	 	1	 	 	54.96
74	 	-6.5	 	1.5	 	1.571	 	2	 	1	 	 	-1.259
75	 	-6.5	 	1.5	 	2.356	 	0	 	1	 	 	-1.999
76	 	-6.5	 	1.5	 	2.356	 	1	 	1	 	 	50.64
77	 	-6.5	 	1.5	 	2.356	 	2	 	1	 	 	-1.798
78	 	-6.5	 	1.5	 	3.142	 	0	 	1	 	 	-2.997
79	 	-6.5	 	1.5	 	3.142	 	1	 	1	 	 	38.56
80	 	-6.5	 	1.5	 	3.142	 	2	 	1	 	 	-2.997
81	 	-6.5	 	2	 	-3.142	 	0	 	2	 	 	-2.729
82	 	-6.5	 	2	 	-3.142	 	1	 	2	 	 	-1
83	 	-6.5	 	2	 	-3.142	 	2	 	2	 	 	48.1
84	 	-6.5	 	2	 	-2.356	 	0	 	2	 	 	-1.966
85	 	-6.5	 	2	 	-2.356	 	1	 	2	 	 	-0.761
86	 	-6.5	 	2	 	-2.356	 	2	 	2	 	 	62.53
87	 	-6.5	 	2	 	-1.571	 	0	 	0	 	 	65.78
88	 	-6.5	 	2	 	-1.571	 	1	 	0	 	 	-0.3315
89	 	-6.5	 	2	 	-1.571	 	2	 	0	 	 	-0.3627
90	 	-6.5	 	2	 	-0.7854	 	0	 	1	 	 	-0.271
91	 	-6.5	 	2	 	-0.7854	 	1	 	1	 	 	62.86
92	 	-6.5	 	2	 	-0.7854	 	2	 	1	 	 	-0.19
93	 	-6.5	 	2	 	0	 	0	 	1	 	 	-0.3214
94	 	-6.5	 	2	 	0	 	1	 	1	 	 	60
95	 	-6.5	 	2	 	0	 	2	 	1	 	 	-0.3402
96	 	-6.5	 	2	 	0.7854	 	0	 	1	 	 	-0.7766
97	 	-6.5	 	2	 	0.7854	 	1	 	1	 	 	57.04
98	 	-6.5	 	2	 	0.7854	 	2	 	1	 	 	-0.788
99	 	-6.5	 	2	 	1.571	 	0	 	1	 	 	-1.446
100	 	-6.5	 	2	 	1.571	 	1	 	1	 	 	54.17
101	 	-6.5	 	2	 	1.571	 	2	 	1	 	 	-1.462
102	 	-6.5	 	2	 	2.356	 	0	 	1	 	 	-4.686
103	 	-6.5	 	2	 	2.356	 	1	 	1	 	 	50.87
104	 	-6.5	 	2	 	2.356	 	2	 	1	 	 	-2.143
105	 	-6.5	 	2	 	3.142	 	0	 	1	 	 	-2.997
106	 	-6.5	 	2	 	3.142	 	1	 	1	 	 	35.73
107	 	-6.5	 	2	 	3.142	 	2	 	1	 	 	-2.997
108	 	-6.5	 	2.5	 	-3.142	 	0	 	2	 	 	-1.999
109	 	-6.5	 	2.5	 	-3.142	 	1	 	2	 	 	-1.999
110	 	-6.5	 	2.5	 	-3.142	 	2	 	2	 	 	53.05
111	 	-6.5	 	2.5	 	-2.356	 	0	 	2	 	 	-1.999
112	 	-6.5	 	2.5	 	-2.356	 	1	 	2	 	 	-1.176
113	 	-6.5	 	2.5	 	-2.356	 	2	 	2	 	 	60.97
114	 	-6.5	 	2.5	 	-1.571	 	0	 	0	 	 	63.52
115	 	-6.5	 	2.5	 	-1.571	 	1	 	0	 	 	-0.7118
116	 	-6.5	 	2.5	 	-1.571	 	2	 	0	 	 	-0.6298
117	 	-6.5	 	2.5	 	-0.7854	 	0	 	1	 	 	-0.4715
118	 	-6.5	 	2.5	 	-0.7854	 	1	 	1	 	 	60.85
119	 	-6.5	 	2.5	 	-0.7854	 	2	 	1	 	 	-0.4975
120	 	-6.5	 	2.5	 	0	 	0	 	1	 	 	-0.657
121	 	-6.5	 	2.5	 	0	 	1	 	1	 	 	58.08
122	 	-6.5	 	2.5	 	0	 	2	 	1	 	 	-0.6685
123	 	-6.5	 	2.5	 	0.7854	 	0	 	1	 	 	-1.341
124	 	-6.5	 	2.5	 	0.7854	 	1	 	1	 	 	55.47
125	 	-6.5	 	2.5	 	0.7854	 	2	 	1	 	 	-1.21
126	 	-6.5	 	2.5	 	1.571	 	0	 	1	 	 	-2.014
127	 	-6.5	 	2.5	 	1.571	 	1	 	1	 	 	52.95
128	 	-6.5	 	2.5	 	1.571	 	2	 	1	 	 	-1.91
129	 	-6.5	 	2.5	 	2.356	 	0	 	1	 	 	-2.997
130	 	-6.5	 	2.5	 	2.356	 	1	 	1	 	 	50.47
131	 	-6.5	 	2.5	 	2.356	 	2	 	1	 	 	-2.674
132	 	-6.5	 	2.5	 	3.142	 	0	 	1	 	 	-3.994
133	 	-6.5	 	2.5	 	3.142	 	1	 	1	 	 	44.91
134	 	-6.5	 	2.5	 	3.142	 	2	 	1	 	 	-3.895
135	 	-6.5	 	3	 	-3.142	 	0	 	2	 	 	-1.957
136	 	-6.5	 	3	 	-3.142	 	1	 	2	 	 	-1.999
137	 	-6.5	 	3	 	-3.142	 	2	 	2	 	 	42.91
138	 	-6.5	 	3	 	-2.356	 	0	 	2	 	 	-4.713
139	 	-6.5	 	3	 	-2.356	 	1	 	2	 	 	-1.465
140	 	-6.5	 	3	 	-2.356	 	2	 	2	 	 	55.91
141	 	-6.5	 	3	 	-1.571	 	0	 	0	 	 	61.25
142	 	-6.5	 	3	 	-1.571	 	1	 	0	 	 	-0.9882
143	 	-6.5	 	3	 	-1.571	 	2	 	0	 	 	-0.9672
144	 	-6.5	 	3	 	-0.7854	 	0	 	1	 	 	-0.7656
145	 	-6.5	 	3	 	-0.7854	 	1	 	1	 	 	57.62
146	 	-6.5	 	3	 	-0.7854	 	2	 	1	 	 	-0.7683
147	 	-6.5	 	3	 	0	 	0	 	1	 	 	-1.231
148	 	-6.5	 	3	 	0	 	1	 	1	 	 	54.36
149	 	-6.5	 	3	 	0	 	2	 	1	 	 	-1.255
150	 	-6.5	 	3	 	0.7854	 	0	 	1	 	 	-2.004
151	 	-6.5	 	3	 	0.7854	 	1	 	1	 	 	51.28
152	 	-6.5	 	3	 	0.7854	 	2	 	1	 	 	-1.938
153	 	-6.5	 	3	 	1.571	 	0	 	1	 	 	-2.611
154	 	-6.5	 	3	 	1.571	 	1	 	1	 	 	47.43
155	 	-6.5	 	3	 	1.571	 	2	 	1	 	 	-2.713
156	 	-6.5	 	3	 	2.356	 	0	 	1	 	 	-3.914
157	 	-6.5	 	3	 	2.356	 	1	 	1	 	 	42.83
158	 	-6.5	 	3	 	2.356	 	2	 	1	 	 	-3.389
159	 	-6.5	 	3	 	3.142	 	0	 	1	 	 	-4.99
160	 	-6.5	 	3	 	3.142	 	1	 	1	 	 	35.5
161	 	-6.5	 	3	 	3.142	 	2	 	1	 	 	-4.99
162	 	-6.5	 	3.5	 	-3.142	 	0	 	2	 	 	-1.999
163	 	-6.5	 	3.5	 	-3.142	 	1	 	2	 	 	-2.917
164	 	-6.5	 	3.5	 	-3.142	 	2	 	2	 	 	41.42
165	 	-6.5	 	3.5	 	-2.356	 	0	 	2	 	 	-1.999
166	 	-6.5	 	3.5	 	-2.356	 	1	 	2	 	 	-1.499
167	 	-6.5	 	3.5	 	-2.356	 	2	 	2	 	 	52.25
168	 	-6.5	 	3.5	 	-1.571	 	0	 	0	 	 	58.23
169	 	-6.5	 	3.5	 	-1.571	 	1	 	0	 	 	-1.15
170	 	-6.5	 	3.5	 	-1.571	 	2	 	0	 	 	-1.148
171	 	-6.5	 	3.5	 	-0.7854	 	0	 	1	 	 	-1.474
172	 	-6.5	 	3.5	 	-0.7854	 	1	 	1	 	 	54.84
173	 	-6.5	 	3.5	 	-0.7854	 	2	 	1	 	 	-1.568
174	 	-6.5	 	3.5	 	0	 	0	 	1	 	 	-2.252
175	 	-6.5	 	3.5	 	0	 	1	 	1	 	 	51.22
176	 	-6.5	 	3.5	 	0	 	2	 	1	 	 	-2.257
177	 	-6.5	 	3.5	 	0.7854	 	0	 	1	 	 	-4.302
178	 	-6.5	 	3.5	 	0.7854	 	1	 	1	 	 	46.68
179	 	-6.5	 	3.5	 	0.7854	 	2	 	1	 	 	-3.089
180	 	-6.5	 	3.5	 	1.571	 	0	 	1	 	 	-6.438
181	 	-6.5	 	3.5	 	1.571	 	1	 	1	 	 	41.07
182	 	-6.5	 	3.5	 	1.571	 	2	 	1	 	 	-3.78
183	 	-6.5	 	3.5	 	2.356	 	0	 	1	 	 	-6.175
184	 	-6.5	 	3.5	 	2.356	 	1	 	1	 	 	35.03
185	 	-6.5	 	3.5	 	2.356	 	2	 	1	 	 	-4.625
186	 	-6.5	 	3.5	 	3.142	 	0	 	1	 	 	-7.628
187	 	-6.5	 	3.5	 	3.142	 	1	 	1	 	 	25.62
188	 	-6.5	 	3.5	 	3.142	 	2	 	1	 	 	-7.593
189	 	-6	 	0.5	 	-3.142	 	0	 	0	 	 	61.48
190	 	-6	 	0.5	 	-3.142	 	1	 	0	 	 	0
191	 	-6	 	0.5	 	-3.142	 	2	 	0	 	 	0
192	 	-6	 	0.5	 	-2.356	 	0	 	1	 	 	-1
193	 	-6	 	0.5	 	-2.356	 	1	 	1	 	 	59.05
194	 	-6	 	0.5	 	-2.356	 	2	 	1	 	 	-0.1
195	 	-6	 	0.5	 	-1.571	 	0	 	1	 	 	-1
196	 	-6	 	0.5	 	-1.571	 	1	 	1	 	 	55.97
197	 	-6	 	0.5	 	-1.571	 	2	 	1	 	 	-0.2998
198	 	-6	 	0.5	 	-0.7854	 	0	 	1	 	 	-1
199	 	-6	 	0.5	 	-0.7854	 	1	 	1	 	 	51.04
200	 	-6	 	0.5	 	-0.7854	 	2	 	1	 	 	-0.4602
201	 	-6	 	0.5	 	0	 	0	 	1	 	 	-0.5933
202	 	-6	 	0.5	 	0	 	1	 	1	 	 	38.96
203	 	-6	 	0.5	 	0	 	2	 	1	 	 	-0.5404
204	 	-6	 	0.5	 	0.7854	 	0	 	2	 	 	-0.3415
205	 	-6	 	0.5	 	0.7854	 	1	 	2	 	 	-0.3437
206	 	-6	 	0.5	 	0.7854	 	2	 	2	 	 	41.13
207	 	-6	 	0.5	 	1.571	 	0	 	2	 	 	-0.2407
208	 	-6	 	0.5	 	1.571	 	1	 	2	 	 	-0.2009
209	 	-6	 	0.5	 	1.571	 	2	 	2	 	 	53.78
210	 	-6	 	0.5	 	2.356	 	0	 	2	 	 	-0.1507
211	 	-6	 	0.5	 	2.356	 	1	 	2	 	 	-0.1
212	 	-6	 	0.5	 	2.356	 	2	 	2	 	 	59.21
213	 	-6	 	0.5	 	3.142	 	0	 	0	 	 	64.34
214	 	-6	 	0.5	 	3.142	 	1	 	0	 	 	0
215	 	-6	 	0.5	 	3.142	 	2	 	0	 	 	0
216	 	-6	 	1	 	-3.142	 	0	 	2	 	 	-0.1198
217	 	-6	 	1	 	-3.142	 	1	 	2	 	 	-1
218	 	-6	 	1	 	-3.142	 	2	 	2	 	 	58.37
219	 	-6	 	1	 	-2.356	 	0	 	0	 	 	65.94
220	 	-6	 	1	 	-2.356	 	1	 	0	 	 	0
221	 	-6	 	1	 	-2.356	 	2	 	0	 	 	-0.1
222	 	-6	 	1	 	-1.571	 	0	 	1	 	 	-0.2186
223	 	-6	 	1	 	-1.571	 	1	 	1	 	 	63.41
224	 	-6	 	1	 	-1.571	 	2	 	1	 	 	-0.1999
225	 	-6	 	1	 	-0.7854	 	0	 	1	 	 	-0.2533
226	 	-6	 	1	 	-0.7854	 	1	 	1	 	 	59.86
227	 	-6	 	1	 	-0.7854	 	2	 	1	 	 	-0.2009
228	 	-6	 	1	 	0	 	0	 	1	 	 	-0.3949
229	 	-6	 	1	 	0	 	1	 	1	 	 	55
230	 	-6	 	1	 	0	 	2	 	1	 	 	-0.3179
231	 	-6	 	1	 	0.7854	 	0	 	1	 	 	-0.637
232	 	-6	 	1	 	0.7854	 	1	 	1	 	 	47.97
233	 	-6	 	1	 	0.7854	 	2	 	1	 	 	-0.6237
234	 	-6	 	1	 	1.571	 	0	 	1	 	 	-1.07
235	 	-6	 	1	 	1.571	 	1	 	1	 	 	38.06
236	 	-6	 	1	 	1.571	 	2	 	1	 	 	-0.9952
237	 	-6	 	1	 	2.356	 	0	 	0	 	 	42.46
238	 	-6	 	1	 	2.356	 	1	 	0	 	 	-1.096
239	 	-6	 	1	 	2.356	 	2	 	0	 	 	-1.09
240	 	-6	 	1	 	3.142	 	0	 	1	 	 	-1.583
241	 	-6	 	1	 	3.142	 	1	 	1	 	 	28.12
242	 	-6	 	1	 	3.142	 	2	 	1	 	 	-1.999
243	 	-6	 	1.5	 	-3.142	 	0	 	2	 	 	-0.2409
244	 	-6	 	1.5	 	-3.142	 	1	 	2	 	 	-1
245	 	-6	 	1.5	 	-3.142	 	2	 	2	 	 	44.96
246	 	-6	 	1.5	 	-2.356	 	0	 	0	 	 	58.71
247	 	-6	 	1.5	 	-2.356	 	1	 	0	 	 	-0.2819
248	 	-6	 	1.5	 	-2.356	 	2	 	0	 	 	-0.2098
249	 	-6	 	1.5	 	-1.571	 	0	 	0	 	 	60.29
250	 	-6	 	1.5	 	-1.571	 	1	 	0	 	 	-0.3808
251	 	-6	 	1.5	 	-1.571	 	2	 	0	 	 	-0.4057
252	 	-6	 	1.5	 	-0.7854	 	0	 	1	 	 	-0.4622
253	 	-6	 	1.5	 	-0.7854	 	1	 	1	 	 	54.85
254	 	-6	 	1.5	 	-0.7854	 	2	 	1	 	 	-0.4934
255	 	-6	 	1.5	 	0	 	0	 	1	 	 	-0.7073
256	 	-6	 	1.5	 	0	 	1	 	1	 	 	47.16
257	 	-6	 	1.5	 	0	 	2	 	1	 	 	-0.7119
258	 	-6	 	1.5	 	0.7854	 	0	 	1	 	 	-1.189
259	 	-6	 	1.5	 	0.7854	 	1	 	1	 	 	37.64
260	 	-6	 	1.5	 	0.7854	 	2	 	1	 	 	-1.131
261	 	-6	 	1.5	 	1.571	 	0	 	2	 	 	-1.726
262	 	-6	 	1.5	 	1.571	 	1	 	2	 	 	-1.667
263	 	-6	 	1.5	 	1.571	 	2	 	2	 	 	34.48
264	 	-6	 	1.5	 	2.356	 	0	 	0	 	 	47.23
265	 	-6	 	1.5	 	2.356	 	1	 	0	 	 	-1.635
266	 	-6	 	1.5	 	2.356	 	2	 	0	 	 	-1.635
267	 	-6	 	1.5	 	3.142	 	0	 	1	 	 	-1.954
268	 	-6	 	1.5	 	3.142	 	1	 	1	 	 	36.74
269	 	-6	 	1.5	 	3.142	 	2	 	1	 	 	-1.999
270	 	-6	 	2	 	-3.142	 	0	 	2	 	 	-0.4061
271	 	-6	 	2	 	-3.142	 	1	 	2	 	 	-1
272	 	-6	 	2	 	-3.142	 	2	 	2	 	 	57.56
273	 	-6	 	2	 	-2.356	 	0	 	0	 	 	64.44
274	 	-6	 	2	 	-2.356	 	1	 	0	 	 	-0.2898
275	 	-6	 	2	 	-2.356	 	2	 	0	 	 	-0.2997
276	 	-6	 	2	 	-1.571	 	0	 	1	 	 	-0.5449
277	 	-6	 	2	 	-1.571	 	1	 	1	 	 	57.47
278	 	-6	 	2	 	-1.571	 	2	 	1	 	 	-0.4929
279	 	-6	 	2	 	-0.7854	 	0	 	1	 	 	-0.5404
280	 	-6	 	2	 	-0.7854	 	1	 	1	 	 	51.52
281	 	-6	 	2	 	-0.7854	 	2	 	1	 	 	-0.5734
282	 	-6	 	2	 	0	 	0	 	1	 	 	-0.9019
283	 	-6	 	2	 	0	 	1	 	1	 	 	45.21
284	 	-6	 	2	 	0	 	2	 	1	 	 	-0.9537
285	 	-6	 	2	 	0.7854	 	0	 	1	 	 	-1.505
286	 	-6	 	2	 	0.7854	 	1	 	1	 	 	34.23
287	 	-6	 	2	 	0.7854	 	2	 	1	 	 	-1.509
288	 	-6	 	2	 	1.571	 	0	 	2	 	 	-1.994
289	 	-6	 	2	 	1.571	 	1	 	2	 	 	-1.887
290	 	-6	 	2	 	1.571	 	2	 	2	 	 	36.59
291	 	-6	 	2	 	2.356	 	0	 	0	 	 	47.02
292	 	-6	 	2	 	2.356	 	1	 	0	 	 	-1.897
293	 	-6	 	2	 	2.356	 	2	 	0	 	 	-1.945
294	 	-6	 	2	 	3.142	 	0	 	1	 	 	-2.23
295	 	-6	 	2	 	3.142	 	1	 	1	 	 	39.01
296	 	-6	 	2	 	3.142	 	2	 	1	 	 	-2.997
297	 	-6	 	2.5	 	-3.142	 	0	 	2	 	 	-0.9058
298	 	-6	 	2.5	 	-3.142	 	1	 	2	 	 	-1
299	 	-6	 	2.5	 	-3.142	 	2	 	2	 	 	47.84
300	 	-6	 	2.5	 	-2.356	 	0	 	0	 	 	59.78
301	 	-6	 	2.5	 	-2.356	 	1	 	0	 	 	-0.8041
302	 	-6	 	2.5	 	-2.356	 	2	 	0	 	 	-0.8068
303	 	-6	 	2.5	 	-1.571	 	0	 	1	 	 	-0.8902
304	 	-6	 	2.5	 	-1.571	 	1	 	1	 	 	56.6
305	 	-6	 	2.5	 	-1.571	 	2	 	1	 	 	-0.9058
306	 	-6	 	2.5	 	-0.7854	 	0	 	1	 	 	-1.021
307	 	-6	 	2.5	 	-0.7854	 	1	 	1	 	 	53.19
308	 	-6	 	2.5	 	-0.7854	 	2	 	1	 	 	-1.051
309	 	-6	 	2.5	 	0	 	0	 	1	 	 	-1.259
310	 	-6	 	2.5	 	0	 	1	 	1	 	 	48.64
311	 	-6	 	2.5	 	0	 	2	 	1	 	 	-1.315
312	 	-6	 	2.5	 	0.7854	 	0	 	1	 	 	-2.008
313	 	-6	 	2.5	 	0.7854	 	1	 	1	 	 	40.78
314	 	-6	 	2.5	 	0.7854	 	2	 	1	 	 	-1.96
315	 	-6	 	2.5	 	1.571	 	0	 	1	 	 	-2.601
316	 	-6	 	2.5	 	1.571	 	1	 	1	 	 	31.29
317	 	-6	 	2.5	 	1.571	 	2	 	1	 	 	-2.508
318	 	-6	 	2.5	 	2.356	 	0	 	0	 	 	30.49
319	 	-6	 	2.5	 	2.356	 	1	 	0	 	 	-2.751
320	 	-6	 	2.5	 	2.356	 	2	 	0	 	 	-2.797
321	 	-6	 	2.5	 	3.142	 	0	 	0	 	 	37.89
322	 	-6	 	2.5	 	3.142	 	1	 	0	 	 	-2.962
323	 	-6	 	2.5	 	3.142	 	2	 	0	 	 	-2.997
324	 	-6	 	3	 	-3.142	 	0	 	2	 	 	-1.418
325	 	-6	 	3	 	-3.142	 	1	 	2	 	 	-1.999
326	 	-6	 	3	 	-3.142	 	2	 	2	 	 	42.92
327	 	-6	 	3	 	-2.356	 	0	 	0	 	 	57.65
328	 	-6	 	3	 	-2.356	 	1	 	0	 	 	-1.124
329	 	-6	 	3	 	-2.356	 	2	 	0	 	 	-1.124
330	 	-6	 	3	 	-1.571	 	0	 	1	 	 	-1.228
331	 	-6	 	3	 	-1.571	 	1	 	1	 	 	54.48
332	 	-6	 	3	 	-1.571	 	2	 	1	 	 	-1.309
333	 	-6	 	3	 	-0.7854	 	0	 	1	 	 	-1.496
334	 	-6	 	3	 	-0.7854	 	1	 	1	 	 	50.13
335	 	-6	 	3	 	-0.7854	 	2	 	1	 	 	-1.586
336	 	-6	 	3	 	0	 	0	 	1	 	 	-1.976
337	 	-6	 	3	 	0	 	1	 	1	 	 	44.79
338	 	-6	 	3	 	0	 	2	 	1	 	 	-2.016
339	 	-6	 	3	 	0.7854	 	0	 	1	 	 	-2.746
340	 	-6	 	3	 	0.7854	 	1	 	1	 	 	38.3
341	 	-6	 	3	 	0.7854	 	2	 	1	 	 	-2.676
342	 	-6	 	3	 	1.571	 	0	 	1	 	 	-3.449
343	 	-6	 	3	 	1.571	 	1	 	1	 	 	32.27
344	 	-6	 	3	 	1.571	 	2	 	1	 	 	-3.311
345	 	-6	 	3	 	2.356	 	0	 	1	 	 	-3.908
346	 	-6	 	3	 	2.356	 	1	 	1	 	 	21.54
347	 	-6	 	3	 	2.356	 	2	 	1	 	 	-4.02
348	 	-6	 	3	 	3.142	 	0	 	0	 	 	23.55
349	 	-6	 	3	 	3.142	 	1	 	0	 	 	-4.255
350	 	-6	 	3	 	3.142	 	2	 	0	 	 	-4.99
351	 	-6	 	3.5	 	-3.142	 	0	 	2	 	 	-1.54
352	 	-6	 	3.5	 	-3.142	 	1	 	2	 	 	-1.999
353	 	-6	 	3.5	 	-3.142	 	2	 	2	 	 	40.04
354	 	-6	 	3.5	 	-2.356	 	0	 	0	 	 	49.14
355	 	-6	 	3.5	 	-2.356	 	1	 	0	 	 	-1.169
356	 	-6	 	3.5	 	-2.356	 	2	 	0	 	 	-1.194
357	 	-6	 	3.5	 	-1.571	 	0	 	0	 	 	46.58
358	 	-6	 	3.5	 	-1.571	 	1	 	0	 	 	-1.372
359	 	-6	 	3.5	 	-1.571	 	2	 	0	 	 	-1.455
360	 	-6	 	3.5	 	-0.7854	 	0	 	1	 	 	-1.945
361	 	-6	 	3.5	 	-0.7854	 	1	 	1	 	 	32.74
362	 	-6	 	3.5	 	-0.7854	 	2	 	1	 	 	-2.005
363	 	-6	 	3.5	 	0	 	0	 	0	 	 	47.52
364	 	-6	 	3.5	 	0	 	1	 	0	 	 	-2.804
365	 	-6	 	3.5	 	0	 	2	 	0	 	 	-2.93
366	 	-6	 	3.5	 	0.7854	 	0	 	1	 	 	-4.242
367	 	-6	 	3.5	 	0.7854	 	1	 	1	 	 	43.39
368	 	-6	 	3.5	 	0.7854	 	2	 	1	 	 	-3.724
369	 	-6	 	3.5	 	1.571	 	0	 	1	 	 	-4.913
370	 	-6	 	3.5	 	1.571	 	1	 	1	 	 	38.32
371	 	-6	 	3.5	 	1.571	 	2	 	1	 	 	-4.435
372	 	-6	 	3.5	 	2.356	 	0	 	1	 	 	-7.248
373	 	-6	 	3.5	 	2.356	 	1	 	1	 	 	32.88
374	 	-6	 	3.5	 	2.356	 	2	 	1	 	 	-5.113
375	 	-6	 	3.5	 	3.142	 	0	 	1	 	 	-5.458
376	 	-6	 	3.5	 	3.142	 	1	 	1	 	 	26.3
377	 	-6	 	3.5	 	3.142	 	2	 	1	 	 	-7.598
378	 	-5.5	 	0.5	 	-3.142	 	0	 	0	 	 	59.25
379	 	-5.5	 	0.5	 	-3.142	 	1	 	0	 	 	-1
380	 	-5.5	 	0.5	 	-3.142	 	2	 	0	 	 	-0.1109
381	 	-5.5	 	0.5	 	-2.356	 	0	 	1	 	 	-1
382	 	-5.5	 	0.5	 	-2.356	 	1	 	1	 	 	56.96
383	 	-5.5	 	0.5	 	-2.356	 	2	 	1	 	 	-0.3177
384	 	-5.5	 	0.5	 	-1.571	 	0	 	1	 	 	-1
385	 	-5.5	 	0.5	 	-1.571	 	1	 	1	 	 	54.49
386	 	-5.5	 	0.5	 	-1.571	 	2	 	1	 	 	-0.7169
387	 	-5.5	 	0.5	 	-0.7854	 	0	 	1	 	 	-1
388	 	-5.5	 	0.5	 	-0.7854	 	1	 	1	 	 	47.6
389	 	-5.5	 	0.5	 	-0.7854	 	2	 	1	 	 	-0.8612
390	 	-5.5	 	0.5	 	0	 	0	 	1	 	 	-0.8147
391	 	-5.5	 	0.5	 	0	 	1	 	1	 	 	35.29
392	 	-5.5	 	0.5	 	0	 	2	 	1	 	 	-0.8539
393	 	-5.5	 	0.5	 	0.7854	 	0	 	2	 	 	-0.7458
394	 	-5.5	 	0.5	 	0.7854	 	1	 	2	 	 	-0.8093
395	 	-5.5	 	0.5	 	0.7854	 	2	 	2	 	 	36.25
396	 	-5.5	 	0.5	 	1.571	 	0	 	2	 	 	-0.4347
397	 	-5.5	 	0.5	 	1.571	 	1	 	2	 	 	-0.4625
398	 	-5.5	 	0.5	 	1.571	 	2	 	2	 	 	49.38
399	 	-5.5	 	0.5	 	2.356	 	0	 	2	 	 	-0.2536
400	 	-5.5	 	0.5	 	2.356	 	1	 	2	 	 	-0.1099
401	 	-5.5	 	0.5	 	2.356	 	2	 	2	 	 	56.23
402	 	-5.5	 	0.5	 	3.142	 	0	 	0	 	 	60.24
403	 	-5.5	 	0.5	 	3.142	 	1	 	0	 	 	0
404	 	-5.5	 	0.5	 	3.142	 	2	 	0	 	 	0
405	 	-5.5	 	1	 	-3.142	 	0	 	0	 	 	46.77
406	 	-5.5	 	1	 	-3.142	 	1	 	0	 	 	-1
407	 	-5.5	 	1	 	-3.142	 	2	 	0	 	 	-0.1099
408	 	-5.5	 	1	 	-2.356	 	0	 	0	 	 	49.64
409	 	-5.5	 	1	 	-2.356	 	1	 	0	 	 	-0.1999
410	 	-5.5	 	1	 	-2.356	 	2	 	0	 	 	-0.232
411	 	-5.5	 	1	 	-1.571	 	0	 	0	 	 	50.95
412	 	-5.5	 	1	 	-1.571	 	1	 	0	 	 	-0.3638
413	 	-5.5	 	1	 	-1.571	 	2	 	0	 	 	-0.4326
414	 	-5.5	 	1	 	-0.7854	 	0	 	1	 	 	-0.5695
415	 	-5.5	 	1	 	-0.7854	 	1	 	1	 	 	45.92
416	 	-5.5	 	1	 	-0.7854	 	2	 	1	 	 	-0.6052
417	 	-5.5	 	1	 	0	 	0	 	1	 	 	-0.7712
418	 	-5.5	 	1	 	0	 	1	 	1	 	 	37.44
419	 	-5.5	 	1	 	0	 	2	 	1	 	 	-0.8125
420	 	-5.5	 	1	 	0.7854	 	0	 	2	 	 	-0.9202
421	 	-5.5	 	1	 	0.7854	 	1	 	2	 	 	-0.924
422	 	-5.5	 	1	 	0.7854	 	2	 	2	 	 	28.65
423	 	-5.5	 	1	 	1.571	 	0	 	2	 	 	-1.239
424	 	-5.5	 	1	 	1.571	 	1	 	2	 	 	-1.205
425	 	-5.5	 	1	 	1.571	 	2	 	2	 	 	36.56
426	 	-5.5	 	1	 	2.356	 	0	 	0	 	 	42.59
427	 	-5.5	 	1	 	2.356	 	1	 	0	 	 	-1.22
428	 	-5.5	 	1	 	2.356	 	2	 	0	 	 	-1.173
429	 	-5.5	 	1	 	3.142	 	0	 	1	 	 	-1.6
430	 	-5.5	 	1	 	3.142	 	1	 	1	 	 	32.74
431	 	-5.5	 	1	 	3.142	 	2	 	1	 	 	-1.999
432	 	-5.5	 	1.5	 	-3.142	 	0	 	2	 	 	-0.1118
433	 	-5.5	 	1.5	 	-3.142	 	1	 	2	 	 	-1
434	 	-5.5	 	1.5	 	-3.142	 	2	 	2	 	 	44.55
435	 	-5.5	 	1.5	 	-2.356	 	0	 	0	 	 	63.25
436	 	-5.5	 	1.5	 	-2.356	 	1	 	0	 	 	0
437	 	-5.5	 	1.5	 	-2.356	 	2	 	0	 	 	0
438	 	-5.5	 	1.5	 	-1.571	 	0	 	1	 	 	-0.2809
439	 	-5.5	 	1.5	 	-1.571	 	1	 	1	 	 	60.04
440	 	-5.5	 	1.5	 	-1.571	 	2	 	1	 	 	-0.3174
441	 	-5.5	 	1.5	 	-0.7854	 	0	 	1	 	 	-0.5217
442	 	-5.5	 	1.5	 	-0.7854	 	1	 	1	 	 	55.58
443	 	-5.5	 	1.5	 	-0.7854	 	2	 	1	 	 	-0.5013
444	 	-5.5	 	1.5	 	0	 	0	 	1	 	 	-0.6862
445	 	-5.5	 	1.5	 	0	 	1	 	1	 	 	51.13
446	 	-5.5	 	1.5	 	0	 	2	 	1	 	 	-0.7765
447	 	-5.5	 	1.5	 	0.7854	 	0	 	1	 	 	-0.8499
448	 	-5.5	 	1.5	 	0.7854	 	1	 	1	 	 	46.07
449	 	-5.5	 	1.5	 	0.7854	 	2	 	1	 	 	-0.9605
450	 	-5.5	 	1.5	 	1.571	 	0	 	1	 	 	-1.475
451	 	-5.5	 	1.5	 	1.571	 	1	 	1	 	 	37.49
452	 	-5.5	 	1.5	 	1.571	 	2	 	1	 	 	-1.411
453	 	-5.5	 	1.5	 	2.356	 	0	 	0	 	 	37.79
454	 	-5.5	 	1.5	 	2.356	 	1	 	0	 	 	-1.368
455	 	-5.5	 	1.5	 	2.356	 	2	 	0	 	 	-1.401
456	 	-5.5	 	1.5	 	3.142	 	0	 	1	 	 	-1.63
457	 	-5.5	 	1.5	 	3.142	 	1	 	1	 	 	29.28
458	 	-5.5	 	1.5	 	3.142	 	2	 	1	 	 	-1.999
459	 	-5.5	 	2	 	-3.142	 	0	 	0	 	 	46.34
460	 	-5.5	 	2	 	-3.142	 	1	 	0	 	 	-1
461	 	-5.5	 	2	 	-3.142	 	2	 	0	 	 	-0.302
462	 	-5.5	 	2	 	-2.356	 	0	 	0	 	 	45.92
463	 	-5.5	 	2	 	-2.356	 	1	 	0	 	 	-0.2898
464	 	-5.5	 	2	 	-2.356	 	2	 	0	 	 	-0.3634
465	 	-5.5	 	2	 	-1.571	 	0	 	0	 	 	54.53
466	 	-5.5	 	2	 	-1.571	 	1	 	0	 	 	-0.6561
467	 	-5.5	 	2	 	-1.571	 	2	 	0	 	 	-0.6297
468	 	-5.5	 	2	 	-0.7854	 	0	 	1	 	 	-0.7712
469	 	-5.5	 	2	 	-0.7854	 	1	 	1	 	 	45.95
470	 	-5.5	 	2	 	-0.7854	 	2	 	1	 	 	-0.8658
471	 	-5.5	 	2	 	0	 	0	 	1	 	 	-0.9282
472	 	-5.5	 	2	 	0	 	1	 	1	 	 	35.81
473	 	-5.5	 	2	 	0	 	2	 	1	 	 	-0.9611
474	 	-5.5	 	2	 	0.7854	 	0	 	0	 	 	-0.9998
475	 	-5.5	 	2	 	0.7854	 	1	 	0	 	 	-1.037
476	 	-5.5	 	2	 	0.7854	 	2	 	0	 	 	-1.073
477	 	-5.5	 	2	 	1.571	 	0	 	0	 	 	35.78
478	 	-5.5	 	2	 	1.571	 	1	 	0	 	 	-1.673
479	 	-5.5	 	2	 	1.571	 	2	 	0	 	 	-1.723
480	 	-5.5	 	2	 	2.356	 	0	 	1	 	 	-2.073
481	 	-5.5	 	2	 	2.356	 	1	 	1	 	 	29.2
482	 	-5.5	 	2	 	2.356	 	2	 	1	 	 	-2.055
483	 	-5.5	 	2	 	3.142	 	0	 	0	 	 	26.9
484	 	-5.5	 	2	 	3.142	 	1	 	0	 	 	-1.931
485	 	-5.5	 	2	 	3.142	 	2	 	0	 	 	-1.999
486	 	-5.5	 	2.5	 	-3.142	 	0	 	2	 	 	-0.4439
487	 	-5.5	 	2.5	 	-3.142	 	1	 	2	 	 	-1
488	 	-5.5	 	2.5	 	-3.142	 	2	 	2	 	 	47.06
489	 	-5.5	 	2.5	 	-2.356	 	0	 	0	 	 	62.55
490	 	-5.5	 	2.5	 	-2.356	 	1	 	0	 	 	-0.5542
491	 	-5.5	 	2.5	 	-2.356	 	2	 	0	 	 	-0.5341
492	 	-5.5	 	2.5	 	-1.571	 	0	 	1	 	 	-0.801
493	 	-5.5	 	2.5	 	-1.571	 	1	 	1	 	 	56.18
494	 	-5.5	 	2.5	 	-1.571	 	2	 	1	 	 	-0.7473
495	 	-5.5	 	2.5	 	-0.7854	 	0	 	1	 	 	-0.8649
496	 	-5.5	 	2.5	 	-0.7854	 	1	 	1	 	 	48.65
497	 	-5.5	 	2.5	 	-0.7854	 	2	 	1	 	 	-0.9139
498	 	-5.5	 	2.5	 	0	 	0	 	1	 	 	-0.9722
499	 	-5.5	 	2.5	 	0	 	1	 	1	 	 	39.99
500	 	-5.5	 	2.5	 	0	 	2	 	1	 	 	-0.9811
501	 	-5.5	 	2.5	 	0.7854	 	0	 	0	 	 	46.95
502	 	-5.5	 	2.5	 	0.7854	 	1	 	0	 	 	-1.575
503	 	-5.5	 	2.5	 	0.7854	 	2	 	0	 	 	-1.647
504	 	-5.5	 	2.5	 	1.571	 	0	 	1	 	 	-2.147
505	 	-5.5	 	2.5	 	1.571	 	1	 	1	 	 	41.84
506	 	-5.5	 	2.5	 	1.571	 	2	 	1	 	 	-2.029
507	 	-5.5	 	2.5	 	2.356	 	0	 	1	 	 	-2.402
508	 	-5.5	 	2.5	 	2.356	 	1	 	1	 	 	31.85
509	 	-5.5	 	2.5	 	2.356	 	2	 	1	 	 	-2.23
510	 	-5.5	 	2.5	 	3.142	 	0	 	0	 	 	28.18
511	 	-5.5	 	2.5	 	3.142	 	1	 	0	 	 	-2.295
512	 	-5.5	 	2.5	 	3.142	 	2	 	0	 	 	-2.997
513	 	-5.5	 	3	 	-3.142	 	0	 	2	 	 	-1.279
514	 	-5.5	 	3	 	-3.142	 	1	 	2	 	 	-1.999
515	 	-5.5	 	3	 	-3.142	 	2	 	2	 	 	40.95
516	 	-5.5	 	3	 	-2.356	 	0	 	0	 	 	55.67
517	 	-5.5	 	3	 	-2.356	 	1	 	0	 	 	-1.034
518	 	-5.5	 	3	 	-2.356	 	2	 	0	 	 	-1.04
519	 	-5.5	 	3	 	-1.571	 	0	 	1	 	 	-1.157
520	 	-5.5	 	3	 	-1.571	 	1	 	1	 	 	44.48
521	 	-5.5	 	3	 	-1.571	 	2	 	1	 	 	-1.206
522	 	-5.5	 	3	 	-0.7854	 	0	 	0	 	 	-1
523	 	-5.5	 	3	 	-0.7854	 	1	 	0	 	 	-1.043
524	 	-5.5	 	3	 	-0.7854	 	2	 	0	 	 	-1.022
525	 	-5.5	 	3	 	0	 	0	 	0	 	 	49.98
526	 	-5.5	 	3	 	0	 	1	 	0	 	 	-1.825
527	 	-5.5	 	3	 	0	 	2	 	0	 	 	-1.888
528	 	-5.5	 	3	 	0.7854	 	0	 	1	 	 	-2.578
529	 	-5.5	 	3	 	0.7854	 	1	 	1	 	 	45.96
530	 	-5.5	 	3	 	0.7854	 	2	 	1	 	 	-2.478
531	 	-5.5	 	3	 	1.571	 	0	 	1	 	 	-3.01
532	 	-5.5	 	3	 	1.571	 	1	 	1	 	 	41.47
533	 	-5.5	 	3	 	1.571	 	2	 	1	 	 	-3.039
534	 	-5.5	 	3	 	2.356	 	0	 	1	 	 	-3.633
535	 	-5.5	 	3	 	2.356	 	1	 	1	 	 	35.77
536	 	-5.5	 	3	 	2.356	 	2	 	1	 	 	-3.595
537	 	-5.5	 	3	 	3.142	 	0	 	1	 	 	-3.981
538	 	-5.5	 	3	 	3.142	 	1	 	1	 	 	28.12
539	 	-5.5	 	3	 	3.142	 	2	 	1	 	 	-3.994
540	 	-5.5	 	3.5	 	-3.142	 	0	 	2	 	 	-1.322
541	 	-5.5	 	3.5	 	-3.142	 	1	 	2	 	 	-1.999
542	 	-5.5	 	3.5	 	-3.142	 	2	 	2	 	 	40.6
543	 	-5.5	 	3.5	 	-2.356	 	0	 	0	 	 	51.57
544	 	-5.5	 	3.5	 	-2.356	 	1	 	0	 	 	-1.034
545	 	-5.5	 	3.5	 	-2.356	 	2	 	0	 	 	-0.9954
546	 	-5.5	 	3.5	 	-1.571	 	0	 	1	 	 	-1.367
547	 	-5.5	 	3.5	 	-1.571	 	1	 	1	 	 	41.49
548	 	-5.5	 	3.5	 	-1.571	 	2	 	1	 	 	-1.373
549	 	-5.5	 	3.5	 	-0.7854	 	0	 	0	 	 	53.85
550	 	-5.5	 	3.5	 	-0.7854	 	1	 	0	 	 	-2.005
551	 	-5.5	 	3.5	 	-0.7854	 	2	 	0	 	 	-2.11
552	 	-5.5	 	3.5	 	0	 	0	 	1	 	 	-2.858
553	 	-5.5	 	3.5	 	0	 	1	 	1	 	 	50.9
554	 	-5.5	 	3.5	 	0	 	2	 	1	 	 	-2.829
555	 	-5.5	 	3.5	 	0.7854	 	0	 	1	 	 	-3.905
556	 	-5.5	 	3.5	 	0.7854	 	1	 	1	 	 	46.91
557	 	-5.5	 	3.5	 	0.7854	 	2	 	1	 	 	-3.711
558	 	-5.5	 	3.5	 	1.571	 	0	 	1	 	 	-5.174
559	 	-5.5	 	3.5	 	1.571	 	1	 	1	 	 	42.17
560	 	-5.5	 	3.5	 	1.571	 	2	 	1	 	 	-4.361
561	 	-5.5	 	3.5	 	2.356	 	0	 	1	 	 	-5.885
562	 	-5.5	 	3.5	 	2.356	 	1	 	1	 	 	36.22
563	 	-5.5	 	3.5	 	2.356	 	2	 	1	 	 	-4.99
564	 	-5.5	 	3.5	 	3.142	 	0	 	1	 	 	-5.536
565	 	-5.5	 	3.5	 	3.142	 	1	 	1	 	 	25.98
566	 	-5.5	 	3.5	 	3.142	 	2	 	1	 	 	-5.57
567	 	-5	 	0.5	 	-3.142	 	0	 	0	 	 	0
568	 	-5	 	0.5	 	-3.142	 	1	 	0	 	 	0
569	 	-5	 	0.5	 	-3.142	 	2	 	0	 	 	0
570	 	-5	 	0.5	 	-2.356	 	0	 	0	 	 	0
571	 	-5	 	0.5	 	-2.356	 	1	 	0	 	 	0
572	 	-5	 	0.5	 	-2.356	 	2	 	0	 	 	0
573	 	-5	 	0.5	 	-1.571	 	0	 	0	 	 	0
574	 	-5	 	0.5	 	-1.571	 	1	 	0	 	 	0
575	 	-5	 	0.5	 	-1.571	 	2	 	0	 	 	0
576	 	-5	 	0.5	 	-0.7854	 	0	 	0	 	 	0
577	 	-5	 	0.5	 	-0.7854	 	1	 	0	 	 	0
578	 	-5	 	0.5	 	-0.7854	 	2	 	0	 	 	0
579	 	-5	 	0.5	 	0	 	0	 	0	 	 	0
580	 	-5	 	0.5	 	0	 	1	 	0	 	 	0
581	 	-5	 	0.5	 	0	 	2	 	0	 	 	0
582	 	-5	 	0.5	 	0.7854	 	0	 	0	 	 	0
583	 	-5	 	0.5	 	0.7854	 	1	 	0	 	 	0
584	 	-5	 	0.5	 	0.7854	 	2	 	0	 	 	0
585	 	-5	 	0.5	 	1.571	 	0	 	0	 	 	0
586	 	-5	 	0.5	 	1.571	 	1	 	0	 	 	0
587	 	-5	 	0.5	 	1.571	 	2	 	0	 	 	0
588	 	-5	 	0.5	 	2.356	 	0	 	0	 	 	0
589	 	-5	 	0.5	 	2.356	 	1	 	0	 	 	0
590	 	-5	 	0.5	 	2.356	 	2	 	0	 	 	0
591	 	-5	 	0.5	 	3.142	 	0	 	0	 	 	0
592	 	-5	 	0.5	 	3.142	 	1	 	0	 	 	0
593	 	-5	 	0.5	 	3.142	 	2	 	0	 	 	0
594	 	-5	 	1	 	-3.142	 	0	 	0	 	 	0
595	 	-5	 	1	 	-3.142	 	1	 	0	 	 	0
596	 	-5	 	1	 	-3.142	 	2	 	0	 	 	0
597	 	-5	 	1	 	-2.356	 	0	 	0	 	 	0
598	 	-5	 	1	 	-2.356	 	1	 	0	 	 	0
599	 	-5	 	1	 	-2.356	 	2	 	0	 	 	0
600	 	-5	 	1	 	-1.571	 	0	 	0	 	 	0
601	 	-5	 	1	 	-1.571	 	1	 	0	 	 	0
602	 	-5	 	1	 	-1.571	 	2	 	0	 	 	0
603	 	-5	 	1	 	-0.7854	 	0	 	0	 	 	0
604	 	-5	 	1	 	-0.7854	 	1	 	0	 	 	0
605	 	-5	 	1	 	-0.7854	 	2	 	0	 	 	0
606	 	-5	 	1	 	0	 	0	 	0	 	 	0
607	 	-5	 	1	 	0	 	1	 	0	 	 	0
608	 	-5	 	1	 	0	 	2	 	0	 	 	0
609	 	-5	 	1	 	0.7854	 	0	 	0	 	 	0
610	 	-5	 	1	 	0.7854	 	1	 	0	 	 	0
611	 	-5	 	1	 	0.7854	 	2	 	0	 	 	0
612	 	-5	 	1	 	1.571	 	0	 	0	 	 	0
613	 	-5	 	1	 	1.571	 	1	 	0	 	 	0
614	 	-5	 	1	 	1.571	 	2	 	0	 	 	0
615	 	-5	 	1	 	2.356	 	0	 	0	 	 	0
616	 	-5	 	1	 	2.356	 	1	 	0	 	 	0
617	 	-5	 	1	 	2.356	 	2	 	0	 	 	0
618	 	-5	 	1	 	3.142	 	0	 	0	 	 	0
619	 	-5	 	1	 	3.142	 	1	 	0	 	 	0
620	 	-5	 	1	 	3.142	 	2	 	0	 	 	0
621	 	-5	 	1.5	 	-3.142	 	0	 	0	 	 	0
622	 	-5	 	1.5	 	-3.142	 	1	 	0	 	 	0
623	 	-5	 	1.5	 	-3.142	 	2	 	0	 	 	0
624	 	-5	 	1.5	 	-2.356	 	0	 	0	 	 	0
625	 	-5	 	1.5	 	-2.356	 	1	 	0	 	 	0
626	 	-5	 	1.5	 	-2.356	 	2	 	0	 	 	0
627	 	-5	 	1.5	 	-1.571	 	0	 	0	 	 	0
628	 	-5	 	1.5	 	-1.571	 	1	 	0	 	 	0
629	 	-5	 	1.5	 	-1.571	 	2	 	0	 	 	0
630	 	-5	 	1.5	 	-0.7854	 	0	 	0	 	 	0
631	 	-5	 	1.5	 	-0.7854	 	1	 	0	 	 	0
632	 	-5	 	1.5	 	-0.7854	 	2	 	0	 	 	0
633	 	-5	 	1.5	 	0	 	0	 	0	 	 	0
634	 	-5	 	1.5	 	0	 	1	 	0	 	 	0
635	 	-5	 	1.5	 	0	 	2	 	0	 	 	0
636	 	-5	 	1.5	 	0.7854	 	0	 	0	 	 	0
637	 	-5	 	1.5	 	0.7854	 	1	 	0	 	 	0
638	 	-5	 	1.5	 	0.7854	 	2	 	0	 	 	0
639	 	-5	 	1.5	 	1.571	 	0	 	0	 	 	0
640	 	-5	 	1.5	 	1.571	 	1	 	0	 	 	0
641	 	-5	 	1.5	 	1.571	 	2	 	0	 	 	0
642	 	-5	 	1.5	 	2.356	 	0	 	0	 	 	0
643	 	-5	 	1.5	 	2.356	 	1	 	0	 	 	0
644	 	-5	 	1.5	 	2.356	 	2	 	0	 	 	0
645	 	-5	 	1.5	 	3.142	 	0	 	0	 	 	0
646	 	-5	 	1.5	 	3.142	 	1	 	0	 	 	0
647	 	-5	 	1.5	 	3.142	 	2	 	0	 	 	0
648	 	-5	 	2	 	-3.142	 	0	 	0	 	 	0
649	 	-5	 	2	 	-3.142	 	1	 	0	 	 	0
650	 	-5	 	2	 	-3.142	 	2	 	0	 	 	0
651	 	-5	 	2	 	-2.356	 	0	 	0	 	 	0
652	 	-5	 	2	 	-2.356	 	1	 	0	 	 	0
653	 	-5	 	2	 	-2.356	 	2	 	0	 	 	0
654	 	-5	 	2	 	-1.571	 	0	 	0	 	 	0
655	 	-5	 	2	 	-1.571	 	1	 	0	 	 	0
656	 	-5	 	2	 	-1.571	 	2	 	0	 	 	0
657	 	-5	 	2	 	-0.7854	 	0	 	0	 	 	0
658	 	-5	 	2	 	-0.7854	 	1	 	0	 	 	0
659	 	-5	 	2	 	-0.7854	 	2	 	0	 	 	0
660	 	-5	 	2	 	0	 	0	 	0	 	 	0
661	 	-5	 	2	 	0	 	1	 	0	 	 	0
662	 	-5	 	2	 	0	 	2	 	0	 	 	0
663	 	-5	 	2	 	0.7854	 	0	 	0	 	 	0
664	 	-5	 	2	 	0.7854	 	1	 	0	 	 	0
665	 	-5	 	2	 	0.7854	 	2	 	0	 	 	0
666	 	-5	 	2	 	1.571	 	0	 	0	 	 	0
667	 	-5	 	2	 	1.571	 	1	 	0	 	 	0
668	 	-5	 	2	 	1.571	 	2	 	0	 	 	0
669	 	-5	 	2	 	2.356	 	0	 	0	 	 	0
670	 	-5	 	2	 	2.356	 	1	 	0	 	 	0
671	 	-5	 	2	 	2.356	 	2	 	0	 	 	0
672	 	-5	 	2	 	3.142	 	0	 	0	 	 	0
673	 	-5	 	2	 	3.142	 	1	 	0	 	 	0
674	 	-5	 	2	 	3.142	 	2	 	0	 	 	0
675	 	-5	 	2.5	 	-3.142	 	0	 	0	 	 	0
676	 	-5	 	2.5	 	-3.142	 	1	 	0	 	 	0
677	 	-5	 	2.5	 	-3.142	 	2	 	0	 	 	0
678	 	-5	 	2.5	 	-2.356	 	0	 	0	 	 	0
679	 	-5	 	2.5	 	-2.356	 	1	 	0	 	 	0
680	 	-5	 	2.5	 	-2.356	 	2	 	0	 	 	0
681	 	-5	 	2.5	 	-1.571	 	0	 	0	 	 	0
682	 	-5	 	2.5	 	-1.571	 	1	 	0	 	 	0
683	 	-5	 	2.5	 	-1.571	 	2	 	0	 	 	0
684	 	-5	 	2.5	 	-0.7854	 	0	 	0	 	 	0
685	 	-5	 	2.5	 	-0.7854	 	1	 	0	 	 	0
686	 	-5	 	2.5	 	-0.7854	 	2	 	0	 	 	0
687	 	-5	 	2.5	 	0	 	0	 	0	 	 	0
688	 	-5	 	2.5	 	0	 	1	 	0	 	 	0
689	 	-5	 	2.5	 	0	 	2	 	0	 	 	0
690	 	-5	 	2.5	 	0.7854	 	0	 	0	 	 	0
691	 	-5	 	2.5	 	0.7854	 	1	 	0	 	 	0
692	 	-5	 	2.5	 	0.7854	 	2	 	0	 	 	0
693	 	-5	 	2.5	 	1.571	 	0	 	0	 	 	0
694	 	-5	 	2.5	 	1.571	 	1	 	0	 	 	0
695	 	-5	 	2.5	 	1.571	 	2	 	0	 	 	0
696	 	-5	 	2.5	 	2.356	 	0	 	0	 	 	0
697	 	-5	 	2.5	 	2.356	 	1	 	0	 	 	0
698	 	-5	 	2.5	 	2.356	 	2	 	0	 	 	0
699	 	-5	 	2.5	 	3.142	 	0	 	0	 	 	0
700	 	-5	 	2.5	 	3.142	 	1	 	0	 	 	0
701	 	-5	 	2.5	 	3.142	 	2	 	0	 	 	0
702	 	-5	 	3	 	-3.142	 	0	 	2	 	 	-1.13
703	 	-5	 	3	 	-3.142	 	1	 	2	 	 	-1.999
704	 	-5	 	3	 	-3.142	 	2	 	2	 	 	58.24
705	 	-5	 	3	 	-2.356	 	0	 	0	 	 	60.67
706	 	-5	 	3	 	-2.356	 	1	 	0	 	 	-0.835
707	 	-5	 	3	 	-2.356	 	2	 	0	 	 	-0.8361
708	 	-5	 	3	 	-1.571	 	0	 	1	 	 	-0.9202
709	 	-5	 	3	 	-1.571	 	1	 	1	 	 	58.59
710	 	-5	 	3	 	-1.571	 	2	 	1	 	 	-0.9208
711	 	-5	 	3	 	-0.7854	 	0	 	1	 	 	-1.47
712	 	-5	 	3	 	-0.7854	 	1	 	1	 	 	56.5
713	 	-5	 	3	 	-0.7854	 	2	 	1	 	 	-1.567
714	 	-5	 	3	 	0	 	0	 	1	 	 	-1.982
715	 	-5	 	3	 	0	 	1	 	1	 	 	53.89
716	 	-5	 	3	 	0	 	2	 	1	 	 	-1.994
717	 	-5	 	3	 	0.7854	 	0	 	1	 	 	-2.556
718	 	-5	 	3	 	0.7854	 	1	 	1	 	 	50.76
719	 	-5	 	3	 	0.7854	 	2	 	1	 	 	-2.464
720	 	-5	 	3	 	1.571	 	0	 	1	 	 	-3.085
721	 	-5	 	3	 	1.571	 	1	 	1	 	 	46.51
722	 	-5	 	3	 	1.571	 	2	 	1	 	 	-2.989
723	 	-5	 	3	 	2.356	 	0	 	1	 	 	-3.548
724	 	-5	 	3	 	2.356	 	1	 	1	 	 	41.5
725	 	-5	 	3	 	2.356	 	2	 	1	 	 	-3.603
726	 	-5	 	3	 	3.142	 	0	 	1	 	 	-4.119
727	 	-5	 	3	 	3.142	 	1	 	1	 	 	34.66
728	 	-5	 	3	 	3.142	 	2	 	1	 	 	-4.99
729	 	-5	 	3.5	 	-3.142	 	0	 	2	 	 	-1.393
730	 	-5	 	3.5	 	-3.142	 	1	 	2	 	 	-1.999
731	 	-5	 	3.5	 	-3.142	 	2	 	2	 	 	36.64
732	 	-5	 	3.5	 	-2.356	 	0	 	0	 	 	47.56
733	 	-5	 	3.5	 	-2.356	 	1	 	0	 	 	-1.152
734	 	-5	 	3.5	 	-2.356	 	2	 	0	 	 	-1.114
735	 	-5	 	3.5	 	-1.571	 	0	 	0	 	 	55.33
736	 	-5	 	3.5	 	-1.571	 	1	 	0	 	 	-1.461
737	 	-5	 	3.5	 	-1.571	 	2	 	0	 	 	-1.485
738	 	-5	 	3.5	 	-0.7854	 	0	 	1	 	 	-2.133
739	 	-5	 	3.5	 	-0.7854	 	1	 	1	 	 	51.7
740	 	-5	 	3.5	 	-0.7854	 	2	 	1	 	 	-2.224
741	 	-5	 	3.5	 	0	 	0	 	1	 	 	-2.897
742	 	-5	 	3.5	 	0	 	1	 	1	 	 	47.91
743	 	-5	 	3.5	 	0	 	2	 	1	 	 	-2.887
744	 	-5	 	3.5	 	0.7854	 	0	 	1	 	 	-3.905
745	 	-5	 	3.5	 	0.7854	 	1	 	1	 	 	43.09
746	 	-5	 	3.5	 	0.7854	 	2	 	1	 	 	-3.751
747	 	-5	 	3.5	 	1.571	 	0	 	1	 	 	-4.776
748	 	-5	 	3.5	 	1.571	 	1	 	1	 	 	36.21
749	 	-5	 	3.5	 	1.571	 	2	 	1	 	 	-4.503
750	 	-5	 	3.5	 	2.356	 	0	 	1	 	 	-5.775
751	 	-5	 	3.5	 	2.356	 	1	 	1	 	 	30.26
752	 	-5	 	3.5	 	2.356	 	2	 	1	 	 	-5.173
753	 	-5	 	3.5	 	3.142	 	0	 	1	 	 	-5.637
754	 	-5	 	3.5	 	3.142	 	1	 	1	 	 	16.67
755	 	-5	 	3.5	 	3.142	 	2	 	1	 	 	-5.906
756	 	-4.5	 	0.5	 	-3.142	 	0	 	0	 	 	-1
757	 	-4.5	 	0.5	 	-3.142	 	1	 	0	 	 	-1
758	 	-4.5	 	0.5	 	-3.142	 	2	 	0	 	 	-1.005
759	 	-4.5	 	0.5	 	-2.356	 	0	 	1	 	 	-1.999
760	 	-4.5	 	0.5	 	-2.356	 	1	 	1	 	 	-1.99
761	 	-4.5	 	0.5	 	-2.356	 	2	 	1	 	 	-2.145
762	 	-4.5	 	0.5	 	-1.571	 	0	 	1	 	 	-2.997
763	 	-4.5	 	0.5	 	-1.571	 	1	 	1	 	 	-2.97
764	 	-4.5	 	0.5	 	-1.571	 	2	 	1	 	 	-3.1
765	 	-4.5	 	0.5	 	-0.7854	 	0	 	2	 	 	-4.739
766	 	-4.5	 	0.5	 	-0.7854	 	1	 	2	 	 	-3.876
767	 	-4.5	 	0.5	 	-0.7854	 	2	 	2	 	 	12.91
768	 	-4.5	 	0.5	 	0	 	0	 	0	 	 	21.09
769	 	-4.5	 	0.5	 	0	 	1	 	0	 	 	-3.703
770	 	-4.5	 	0.5	 	0	 	2	 	0	 	 	-3.667
771	 	-4.5	 	0.5	 	0.7854	 	0	 	2	 	 	-3.084
772	 	-4.5	 	0.5	 	0.7854	 	1	 	2	 	 	-3.05
773	 	-4.5	 	0.5	 	0.7854	 	2	 	2	 	 	-2.967
774	 	-4.5	 	0.5	 	1.571	 	0	 	2	 	 	-2.003
775	 	-4.5	 	0.5	 	1.571	 	1	 	2	 	 	-2.074
776	 	-4.5	 	0.5	 	1.571	 	2	 	2	 	 	-1.99
777	 	-4.5	 	0.5	 	2.356	 	0	 	0	 	 	-1
778	 	-4.5	 	0.5	 	2.356	 	1	 	0	 	 	-1.031
779	 	-4.5	 	0.5	 	2.356	 	2	 	0	 	 	-1.066
780	 	-4.5	 	0.5	 	3.142	 	0	 	0	 	 	-1
781	 	-4.5	 	0.5	 	3.142	 	1	 	0	 	 	-1.073
782	 	-4.5	 	0.5	 	3.142	 	2	 	0	 	 	-1
783	 	-4.5	 	1	 	-3.142	 	0	 	0	 	 	-1
784	 	-4.5	 	1	 	-3.142	 	1	 	0	 	 	-1
785	 	-4.5	 	1	 	-3.142	 	2	 	0	 	 	-1.069
786	 	-4.5	 	1	 	-2.356	 	0	 	0	 	 	-1
787	 	-4.5	 	1	 	-2.356	 	1	 	0	 	 	-1.047
788	 	-4.5	 	1	 	-2.356	 	2	 	0	 	 	-1.052
789	 	-4.5	 	1	 	-1.571	 	0	 	1	 	 	-2.047
790	 	-4.5	 	1	 	-1.571	 	1	 	1	 	 	-1.99
791	 	-4.5	 	1	 	-1.571	 	2	 	1	 	 	-2
792	 	-4.5	 	1	 	-0.7854	 	0	 	2	 	 	-2.859
793	 	-4.5	 	1	 	-0.7854	 	1	 	2	 	 	-2.628
794	 	-4.5	 	1	 	-0.7854	 	2	 	2	 	 	17.48
795	 	-4.5	 	1	 	0	 	0	 	2	 	 	-2.683
796	 	-4.5	 	1	 	0	 	1	 	2	 	 	-2.642
797	 	-4.5	 	1	 	0	 	2	 	2	 	 	25.14
798	 	-4.5	 	1	 	0.7854	 	0	 	2	 	 	-2.478
799	 	-4.5	 	1	 	0.7854	 	1	 	2	 	 	-2.306
800	 	-4.5	 	1	 	0.7854	 	2	 	2	 	 	31.37
801	 	-4.5	 	1	 	1.571	 	0	 	0	 	 	36.46
802	 	-4.5	 	1	 	1.571	 	1	 	0	 	 	-1.938
803	 	-4.5	 	1	 	1.571	 	2	 	0	 	 	-1.844
804	 	-4.5	 	1	 	2.356	 	0	 	0	 	 	-1
805	 	-4.5	 	1	 	2.356	 	1	 	0	 	 	-1.074
806	 	-4.5	 	1	 	2.356	 	2	 	0	 	 	-1.092
807	 	-4.5	 	1	 	3.142	 	0	 	0	 	 	-1
808	 	-4.5	 	1	 	3.142	 	1	 	0	 	 	-1.017
809	 	-4.5	 	1	 	3.142	 	2	 	0	 	 	-1
810	 	-4.5	 	1.5	 	-3.142	 	0	 	0	 	 	-1
811	 	-4.5	 	1.5	 	-3.142	 	1	 	0	 	 	-1.9
812	 	-4.5	 	1.5	 	-3.142	 	2	 	0	 	 	-1.013
813	 	-4.5	 	1.5	 	-2.356	 	0	 	0	 	 	-1
814	 	-4.5	 	1.5	 	-2.356	 	1	 	0	 	 	-1.002
815	 	-4.5	 	1.5	 	-2.356	 	2	 	0	 	 	-1.088
816	 	-4.5	 	1.5	 	-1.571	 	0	 	1	 	 	-2.018
817	 	-4.5	 	1.5	 	-1.571	 	1	 	1	 	 	-1.99
818	 	-4.5	 	1.5	 	-1.571	 	2	 	1	 	 	-2.043
819	 	-4.5	 	1.5	 	-0.7854	 	0	 	2	 	 	-2.621
820	 	-4.5	 	1.5	 	-0.7854	 	1	 	2	 	 	-2.61
821	 	-4.5	 	1.5	 	-0.7854	 	2	 	2	 	 	20.53
822	 	-4.5	 	1.5	 	0	 	0	 	2	 	 	-2.868
823	 	-4.5	 	1.5	 	0	 	1	 	2	 	 	-2.741
824	 	-4.5	 	1.5	 	0	 	2	 	2	 	 	26.91
825	 	-4.5	 	1.5	 	0.7854	 	0	 	2	 	 	-2.552
826	 	-4.5	 	1.5	 	0.7854	 	1	 	2	 	 	-2.531
827	 	-4.5	 	1.5	 	0.7854	 	2	 	2	 	 	33.79
828	 	-4.5	 	1.5	 	1.571	 	0	 	0	 	 	40.5
829	 	-4.5	 	1.5	 	1.571	 	1	 	0	 	 	-1.898
830	 	-4.5	 	1.5	 	1.571	 	2	 	0	 	 	-1.876
831	 	-4.5	 	1.5	 	2.356	 	0	 	0	 	 	-1
832	 	-4.5	 	1.5	 	2.356	 	1	 	0	 	 	-1.026
833	 	-4.5	 	1.5	 	2.356	 	2	 	0	 	 	-1.058
834	 	-4.5	 	1.5	 	3.142	 	0	 	0	 	 	-1
835	 	-4.5	 	1.5	 	3.142	 	1	 	0	 	 	-1.063
836	 	-4.5	 	1.5	 	3.142	 	2	 	0	 	 	-1
837	 	-4.5	 	2	 	-3.142	 	0	 	0	 	 	-1
838	 	-4.5	 	2	 	-3.142	 	1	 	0	 	 	-1
839	 	-4.5	 	2	 	-3.142	 	2	 	0	 	 	-1.081
840	 	-4.5	 	2	 	-2.356	 	0	 	0	 	 	-1
841	 	-4.5	 	2	 	-2.356	 	1	 	0	 	 	-1.035
842	 	-4.5	 	2	 	-2.356	 	2	 	0	 	 	-1.018
843	 	-4.5	 	2	 	-1.571	 	0	 	1	 	 	-1.994
844	 	-4.5	 	2	 	-1.571	 	1	 	1	 	 	-1.989
845	 	-4.5	 	2	 	-1.571	 	2	 	1	 	 	-1.995
846	 	-4.5	 	2	 	-0.7854	 	0	 	2	 	 	-2.77
847	 	-4.5	 	2	 	-0.7854	 	1	 	2	 	 	-2.61
848	 	-4.5	 	2	 	-0.7854	 	2	 	2	 	 	24.45
849	 	-4.5	 	2	 	0	 	0	 	2	 	 	-2.594
850	 	-4.5	 	2	 	0	 	1	 	2	 	 	-2.58
851	 	-4.5	 	2	 	0	 	2	 	2	 	 	31.56
852	 	-4.5	 	2	 	0.7854	 	0	 	2	 	 	-2.594
853	 	-4.5	 	2	 	0.7854	 	1	 	2	 	 	-2.425
854	 	-4.5	 	2	 	0.7854	 	2	 	2	 	 	38.59
855	 	-4.5	 	2	 	1.571	 	0	 	0	 	 	43.16
856	 	-4.5	 	2	 	1.571	 	1	 	0	 	 	-1.85
857	 	-4.5	 	2	 	1.571	 	2	 	0	 	 	-1.849
858	 	-4.5	 	2	 	2.356	 	0	 	0	 	 	-1
859	 	-4.5	 	2	 	2.356	 	1	 	0	 	 	-1.038
860	 	-4.5	 	2	 	2.356	 	2	 	0	 	 	-1.049
861	 	-4.5	 	2	 	3.142	 	0	 	0	 	 	-1
862	 	-4.5	 	2	 	3.142	 	1	 	0	 	 	-1.072
863	 	-4.5	 	2	 	3.142	 	2	 	0	 	 	-1.9
864	 	-4.5	 	2.5	 	-3.142	 	0	 	0	 	 	-1
865	 	-4.5	 	2.5	 	-3.142	 	1	 	0	 	 	-1
866	 	-4.5	 	2.5	 	-3.142	 	2	 	0	 	 	-1.065
867	 	-4.5	 	2.5	 	-2.356	 	0	 	0	 	 	-1
868	 	-4.5	 	2.5	 	-2.356	 	1	 	0	 	 	-1.007
869	 	-4.5	 	2.5	 	-2.356	 	2	 	0	 	 	-1.004
870	 	-4.5	 	2.5	 	-1.571	 	0	 	2	 	 	-1.988
871	 	-4.5	 	2.5	 	-1.571	 	1	 	2	 	 	-1.958
872	 	-4.5	 	2.5	 	-1.571	 	2	 	2	 	 	25.05
873	 	-4.5	 	2.5	 	-0.7854	 	0	 	2	 	 	-2.548
874	 	-4.5	 	2.5	 	-0.7854	 	1	 	2	 	 	-2.538
875	 	-4.5	 	2.5	 	-0.7854	 	2	 	2	 	 	33.52
876	 	-4.5	 	2.5	 	0	 	0	 	2	 	 	-2.832
877	 	-4.5	 	2.5	 	0	 	1	 	2	 	 	-2.796
878	 	-4.5	 	2.5	 	0	 	2	 	2	 	 	38.74
879	 	-4.5	 	2.5	 	0.7854	 	0	 	2	 	 	-2.808
880	 	-4.5	 	2.5	 	0.7854	 	1	 	2	 	 	-2.823
881	 	-4.5	 	2.5	 	0.7854	 	2	 	2	 	 	42.3
882	 	-4.5	 	2.5	 	1.571	 	0	 	0	 	 	45.65
883	 	-4.5	 	2.5	 	1.571	 	1	 	0	 	 	-2.618
884	 	-4.5	 	2.5	 	1.571	 	2	 	0	 	 	-2.536
885	 	-4.5	 	2.5	 	2.356	 	0	 	2	 	 	-2.101
886	 	-4.5	 	2.5	 	2.356	 	1	 	2	 	 	-2.087
887	 	-4.5	 	2.5	 	2.356	 	2	 	2	 	 	-1.99
888	 	-4.5	 	2.5	 	3.142	 	0	 	0	 	 	-1
889	 	-4.5	 	2.5	 	3.142	 	1	 	0	 	 	-1.147
890	 	-4.5	 	2.5	 	3.142	 	2	 	0	 	 	-1.91
891	 	-4.5	 	3	 	-3.142	 	0	 	0	 	 	55.91
892	 	-4.5	 	3	 	-3.142	 	1	 	0	 	 	-2.72
893	 	-4.5	 	3	 	-3.142	 	2	 	0	 	 	-1.491
894	 	-4.5	 	3	 	-2.356	 	0	 	0	 	 	-1
895	 	-4.5	 	3	 	-2.356	 	1	 	0	 	 	-1.005
896	 	-4.5	 	3	 	-2.356	 	2	 	0	 	 	-1.152
897	 	-4.5	 	3	 	-1.571	 	0	 	1	 	 	-2.074
898	 	-4.5	 	3	 	-1.571	 	1	 	1	 	 	-1.99
899	 	-4.5	 	3	 	-1.571	 	2	 	1	 	 	-2.121
900	 	-4.5	 	3	 	-0.7854	 	0	 	2	 	 	-2.89
901	 	-4.5	 	3	 	-0.7854	 	1	 	2	 	 	-2.822
902	 	-4.5	 	3	 	-0.7854	 	2	 	2	 	 	22.36
903	 	-4.5	 	3	 	0	 	0	 	2	 	 	-3.403
904	 	-4.5	 	3	 	0	 	1	 	2	 	 	-3.281
905	 	-4.5	 	3	 	0	 	2	 	2	 	 	34.64
906	 	-4.5	 	3	 	0.7854	 	0	 	2	 	 	-3.746
907	 	-4.5	 	3	 	0.7854	 	1	 	2	 	 	-3.527
908	 	-4.5	 	3	 	0.7854	 	2	 	2	 	 	41.86
909	 	-4.5	 	3	 	1.571	 	0	 	0	 	 	48.16
910	 	-4.5	 	3	 	1.571	 	1	 	0	 	 	-3.816
911	 	-4.5	 	3	 	1.571	 	2	 	0	 	 	-3.793
912	 	-4.5	 	3	 	2.356	 	0	 	1	 	 	-4.368
913	 	-4.5	 	3	 	2.356	 	1	 	1	 	 	38.69
914	 	-4.5	 	3	 	2.356	 	2	 	1	 	 	-4.274
915	 	-4.5	 	3	 	3.142	 	0	 	0	 	 	25.49
916	 	-4.5	 	3	 	3.142	 	1	 	0	 	 	-4.749
917	 	-4.5	 	3	 	3.142	 	2	 	0	 	 	-4.937
918	 	-4.5	 	3.5	 	-3.142	 	0	 	2	 	 	-1.494
919	 	-4.5	 	3.5	 	-3.142	 	1	 	2	 	 	-1.999
920	 	-4.5	 	3.5	 	-3.142	 	2	 	2	 	 	56.49
921	 	-4.5	 	3.5	 	-2.356	 	0	 	0	 	 	58.76
922	 	-4.5	 	3.5	 	-2.356	 	1	 	0	 	 	-1.175
923	 	-4.5	 	3.5	 	-2.356	 	2	 	0	 	 	-1.188
924	 	-4.5	 	3.5	 	-1.571	 	0	 	1	 	 	-1.588
925	 	-4.5	 	3.5	 	-1.571	 	1	 	1	 	 	57
926	 	-4.5	 	3.5	 	-1.571	 	2	 	1	 	 	-1.659
927	 	-4.5	 	3.5	 	-0.7854	 	0	 	1	 	 	-2.297
928	 	-4.5	 	3.5	 	-0.7854	 	1	 	1	 	 	55.32
929	 	-4.5	 	3.5	 	-0.7854	 	2	 	1	 	 	-2.37
930	 	-4.5	 	3.5	 	0	 	0	 	1	 	 	-3.107
931	 	-4.5	 	3.5	 	0	 	1	 	1	 	 	53.67
932	 	-4.5	 	3.5	 	0	 	2	 	1	 	 	-3.048
933	 	-4.5	 	3.5	 	0.7854	 	0	 	1	 	 	-3.994
934	 	-4.5	 	3.5	 	0.7854	 	1	 	1	 	 	52.03
935	 	-4.5	 	3.5	 	0.7854	 	2	 	1	 	 	-3.788
936	 	-4.5	 	3.5	 	1.571	 	0	 	1	 	 	-4.767
937	 	-4.5	 	3.5	 	1.571	 	1	 	1	 	 	50.41
938	 	-4.5	 	3.5	 	1.571	 	2	 	1	 	 	-4.662
939	 	-4.5	 	3.5	 	2.356	 	0	 	1	 	 	-5.767
940	 	-4.5	 	3.5	 	2.356	 	1	 	1	 	 	48.79
941	 	-4.5	 	3.5	 	2.356	 	2	 	1	 	 	-5.269
942	 	-4.5	 	3.5	 	3.142	 	0	 	1	 	 	-5.822
943	 	-4.5	 	3.5	 	3.142	 	1	 	1	 	 	44.67
944	 	-4.5	 	3.5	 	3.142	 	2	 	1	 	 	-6.385
945	 	-4	 	0.5	 	-3.142	 	0	 	0	 	 	-1.99
946	 	-4	 	0.5	 	-3.142	 	1	 	0	 	 	-2.97
947	 	-4	 	0.5	 	-3.142	 	2	 	0	 	 	-2.027
948	 	-4	 	0.5	 	-2.356	 	0	 	1	 	 	-3.494
949	 	-4	 	0.5	 	-2.356	 	1	 	1	 	 	-2.97
950	 	-4	 	0.5	 	-2.356	 	2	 	1	 	 	-3.053
951	 	-4	 	0.5	 	-1.571	 	0	 	1	 	 	-5.779
952	 	-4	 	0.5	 	-1.571	 	1	 	1	 	 	-3.94
953	 	-4	 	0.5	 	-1.571	 	2	 	1	 	 	-4.009
954	 	-4	 	0.5	 	-0.7854	 	0	 	2	 	 	-4.704
955	 	-4	 	0.5	 	-0.7854	 	1	 	2	 	 	-4.652
956	 	-4	 	0.5	 	-0.7854	 	2	 	2	 	 	18.86
957	 	-4	 	0.5	 	0	 	0	 	2	 	 	-4.581
958	 	-4	 	0.5	 	0	 	1	 	2	 	 	-4.496
959	 	-4	 	0.5	 	0	 	2	 	2	 	 	26.78
960	 	-4	 	0.5	 	0.7854	 	0	 	0	 	 	32.34
961	 	-4	 	0.5	 	0.7854	 	1	 	0	 	 	-3.769
962	 	-4	 	0.5	 	0.7854	 	2	 	0	 	 	-3.763
963	 	-4	 	0.5	 	1.571	 	0	 	1	 	 	-2.998
964	 	-4	 	0.5	 	1.571	 	1	 	1	 	 	22.62
965	 	-4	 	0.5	 	1.571	 	2	 	1	 	 	-2.956
966	 	-4	 	0.5	 	2.356	 	0	 	0	 	 	-1.99
967	 	-4	 	0.5	 	2.356	 	1	 	0	 	 	-2.006
968	 	-4	 	0.5	 	2.356	 	2	 	0	 	 	-2.063
969	 	-4	 	0.5	 	3.142	 	0	 	0	 	 	-1.99
970	 	-4	 	0.5	 	3.142	 	1	 	0	 	 	-2.052
971	 	-4	 	0.5	 	3.142	 	2	 	0	 	 	-1.999
972	 	-4	 	1	 	-3.142	 	0	 	0	 	 	-1.99
973	 	-4	 	1	 	-3.142	 	1	 	0	 	 	-2.72
974	 	-4	 	1	 	-3.142	 	2	 	0	 	 	-2.012
975	 	-4	 	1	 	-2.356	 	0	 	0	 	 	-2.97
976	 	-4	 	1	 	-2.356	 	1	 	0	 	 	-2.97
977	 	-4	 	1	 	-2.356	 	2	 	0	 	 	-3.083
978	 	-4	 	1	 	-1.571	 	0	 	1	 	 	-3.969
979	 	-4	 	1	 	-1.571	 	1	 	1	 	 	-3.939
980	 	-4	 	1	 	-1.571	 	2	 	1	 	 	-3.961
981	 	-4	 	1	 	-0.7854	 	0	 	2	 	 	-4.52
982	 	-4	 	1	 	-0.7854	 	1	 	2	 	 	-4.459
983	 	-4	 	1	 	-0.7854	 	2	 	2	 	 	12.49
984	 	-4	 	1	 	0	 	0	 	0	 	 	25.35
985	 	-4	 	1	 	0	 	1	 	0	 	 	-4.504
986	 	-4	 	1	 	0	 	2	 	0	 	 	-4.466
987	 	-4	 	1	 	0.7854	 	0	 	0	 	 	13.52
988	 	-4	 	1	 	0.7854	 	1	 	0	 	 	-4.011
989	 	-4	 	1	 	0.7854	 	2	 	0	 	 	-3.935
990	 	-4	 	1	 	1.571	 	0	 	2	 	 	-2.989
991	 	-4	 	1	 	1.571	 	1	 	2	 	 	-3.014
992	 	-4	 	1	 	1.571	 	2	 	2	 	 	-2.97
993	 	-4	 	1	 	2.356	 	0	 	0	 	 	-1.99
994	 	-4	 	1	 	2.356	 	1	 	0	 	 	-2.065
995	 	-4	 	1	 	2.356	 	2	 	0	 	 	-2.07
996	 	-4	 	1	 	3.142	 	0	 	0	 	 	-1.99
997	 	-4	 	1	 	3.142	 	1	 	0	 	 	-2.028
998	 	-4	 	1	 	3.142	 	2	 	0	 	 	-1.999
999	 	-4	 	1.5	 	-3.142	 	0	 	0	 	 	-1.99
1000	 	-4	 	1.5	 	-3.142	 	1	 	0	 	 	-1.999
1001	 	-4	 	1.5	 	-3.142	 	2	 	0	 	 	-2.06
1002	 	-4	 	1.5	 	-2.356	 	0	 	0	 	 	-1.99
1003	 	-4	 	1.5	 	-2.356	 	1	 	0	 	 	-2.043
1004	 	-4	 	1.5	 	-2.356	 	2	 	0	 	 	-2.073
1005	 	-4	 	1.5	 	-1.571	 	0	 	1	 	 	-3.102
1006	 	-4	 	1.5	 	-1.571	 	1	 	1	 	 	-2.97
1007	 	-4	 	1.5	 	-1.571	 	2	 	1	 	 	-2.974
1008	 	-4	 	1.5	 	-0.7854	 	0	 	1	 	 	-3.96
1009	 	-4	 	1.5	 	-0.7854	 	1	 	1	 	 	-3.939
1010	 	-4	 	1.5	 	-0.7854	 	2	 	1	 	 	-3.987
1011	 	-4	 	1.5	 	0	 	0	 	2	 	 	-4.41
1012	 	-4	 	1.5	 	0	 	1	 	2	 	 	-4.406
1013	 	-4	 	1.5	 	0	 	2	 	2	 	 	25.31
1014	 	-4	 	1.5	 	0.7854	 	0	 	0	 	 	33.77
1015	 	-4	 	1.5	 	0.7854	 	1	 	0	 	 	-4.005
1016	 	-4	 	1.5	 	0.7854	 	2	 	0	 	 	-3.878
1017	 	-4	 	1.5	 	1.571	 	0	 	2	 	 	-3.048
1018	 	-4	 	1.5	 	1.571	 	1	 	2	 	 	-3.107
1019	 	-4	 	1.5	 	1.571	 	2	 	2	 	 	-2.97
1020	 	-4	 	1.5	 	2.356	 	0	 	0	 	 	-1.99
1021	 	-4	 	1.5	 	2.356	 	1	 	0	 	 	-2.044
1022	 	-4	 	1.5	 	2.356	 	2	 	0	 	 	-2.076
1023	 	-4	 	1.5	 	3.142	 	0	 	0	 	 	-1.99
1024	 	-4	 	1.5	 	3.142	 	1	 	0	 	 	-2.026
1025	 	-4	 	1.5	 	3.142	 	2	 	0	 	 	-2.71
1026	 	-4	 	2	 	-3.142	 	0	 	0	 	 	-1.99
1027	 	-4	 	2	 	-3.142	 	1	 	0	 	 	-1.999
1028	 	-4	 	2	 	-3.142	 	2	 	0	 	 	-2.008
1029	 	-4	 	2	 	-2.356	 	0	 	0	 	 	-1.99
1030	 	-4	 	2	 	-2.356	 	1	 	0	 	 	-2.02
1031	 	-4	 	2	 	-2.356	 	2	 	0	 	 	-2.115
1032	 	-4	 	2	 	-1.571	 	0	 	1	 	 	-3.033
1033	 	-4	 	2	 	-1.571	 	1	 	1	 	 	-2.97
1034	 	-4	 	2	 	-1.571	 	2	 	1	 	 	-2.995
1035	 	-4	 	2	 	-0.7854	 	0	 	2	 	 	-4.007
1036	 	-4	 	2	 	-0.7854	 	1	 	2	 	 	-3.883
1037	 	-4	 	2	 	-0.7854	 	2	 	2	 	 	18.64
1038	 	-4	 	2	 	0	 	0	 	2	 	 	-4.127
1039	 	-4	 	2	 	0	 	1	 	2	 	 	-4.085
1040	 	-4	 	2	 	0	 	2	 	2	 	 	27.62
1041	 	-4	 	2	 	0.7854	 	0	 	0	 	 	35.6
1042	 	-4	 	2	 	0.7854	 	1	 	0	 	 	-4.084
1043	 	-4	 	2	 	0.7854	 	2	 	0	 	 	-4.049
1044	 	-4	 	2	 	1.571	 	0	 	1	 	 	-3.794
1045	 	-4	 	2	 	1.571	 	1	 	1	 	 	27.21
1046	 	-4	 	2	 	1.571	 	2	 	1	 	 	-3.729
1047	 	-4	 	2	 	2.356	 	0	 	0	 	 	-2.969
1048	 	-4	 	2	 	2.356	 	1	 	0	 	 	-2.992
1049	 	-4	 	2	 	2.356	 	2	 	0	 	 	-2.969
1050	 	-4	 	2	 	3.142	 	0	 	0	 	 	-1.99
1051	 	-4	 	2	 	3.142	 	1	 	0	 	 	-2.077
1052	 	-4	 	2	 	3.142	 	2	 	0	 	 	-1.999
1053	 	-4	 	2.5	 	-3.142	 	0	 	0	 	 	-1.99
1054	 	-4	 	2.5	 	-3.142	 	1	 	0	 	 	-1.999
1055	 	-4	 	2.5	 	-3.142	 	2	 	0	 	 	-2.046
1056	 	-4	 	2.5	 	-2.356	 	0	 	0	 	 	-1.99
1057	 	-4	 	2.5	 	-2.356	 	1	 	0	 	 	-2.024
1058	 	-4	 	2.5	 	-2.356	 	2	 	0	 	 	-2.03
1059	 	-4	 	2.5	 	-1.571	 	0	 	1	 	 	-3.027
1060	 	-4	 	2.5	 	-1.571	 	1	 	1	 	 	-2.97
1061	 	-4	 	2.5	 	-1.571	 	2	 	1	 	 	-3.02
1062	 	-4	 	2.5	 	-0.7854	 	0	 	1	 	 	-3.989
1063	 	-4	 	2.5	 	-0.7854	 	1	 	1	 	 	-3.938
1064	 	-4	 	2.5	 	-0.7854	 	2	 	1	 	 	-3.998
1065	 	-4	 	2.5	 	0	 	0	 	0	 	 	28.25
1066	 	-4	 	2.5	 	0	 	1	 	0	 	 	-4.445
1067	 	-4	 	2.5	 	0	 	2	 	0	 	 	-4.48
1068	 	-4	 	2.5	 	0.7854	 	0	 	2	 	 	-4.353
1069	 	-4	 	2.5	 	0.7854	 	1	 	2	 	 	-4.289
1070	 	-4	 	2.5	 	0.7854	 	2	 	2	 	 	23.75
1071	 	-4	 	2.5	 	1.571	 	0	 	0	 	 	34.2
1072	 	-4	 	2.5	 	1.571	 	1	 	0	 	 	-3.888
1073	 	-4	 	2.5	 	1.571	 	2	 	0	 	 	-3.826
1074	 	-4	 	2.5	 	2.356	 	0	 	2	 	 	-3.142
1075	 	-4	 	2.5	 	2.356	 	1	 	2	 	 	-3.038
1076	 	-4	 	2.5	 	2.356	 	2	 	2	 	 	-2.97
1077	 	-4	 	2.5	 	3.142	 	0	 	0	 	 	-1.99
1078	 	-4	 	2.5	 	3.142	 	1	 	0	 	 	-2.121
1079	 	-4	 	2.5	 	3.142	 	2	 	0	 	 	-1.999
1080	 	-4	 	3	 	-3.142	 	0	 	0	 	 	53.46
1081	 	-4	 	3	 	-3.142	 	1	 	0	 	 	-2.997
1082	 	-4	 	3	 	-3.142	 	2	 	0	 	 	-2.114
1083	 	-4	 	3	 	-2.356	 	0	 	1	 	 	-1.978
1084	 	-4	 	3	 	-2.356	 	1	 	1	 	 	49.13
1085	 	-4	 	3	 	-2.356	 	2	 	1	 	 	-2.081
1086	 	-4	 	3	 	-1.571	 	0	 	1	 	 	-2.783
1087	 	-4	 	3	 	-1.571	 	1	 	1	 	 	44.8
1088	 	-4	 	3	 	-1.571	 	2	 	1	 	 	-2.726
1089	 	-4	 	3	 	-0.7854	 	0	 	1	 	 	-3.372
1090	 	-4	 	3	 	-0.7854	 	1	 	1	 	 	37.93
1091	 	-4	 	3	 	-0.7854	 	2	 	1	 	 	-3.386
1092	 	-4	 	3	 	0	 	0	 	1	 	 	-4.009
1093	 	-4	 	3	 	0	 	1	 	1	 	 	31.19
1094	 	-4	 	3	 	0	 	2	 	1	 	 	-4.013
1095	 	-4	 	3	 	0.7854	 	0	 	1	 	 	-4.752
1096	 	-4	 	3	 	0.7854	 	1	 	1	 	 	20.72
1097	 	-4	 	3	 	0.7854	 	2	 	1	 	 	-4.681
1098	 	-4	 	3	 	1.571	 	0	 	2	 	 	-4.826
1099	 	-4	 	3	 	1.571	 	1	 	2	 	 	-4.805
1100	 	-4	 	3	 	1.571	 	2	 	2	 	 	41.14
1101	 	-4	 	3	 	2.356	 	0	 	0	 	 	47.18
1102	 	-4	 	3	 	2.356	 	1	 	0	 	 	-4.871
1103	 	-4	 	3	 	2.356	 	2	 	0	 	 	-4.828
1104	 	-4	 	3	 	3.142	 	0	 	1	 	 	-5.098
1105	 	-4	 	3	 	3.142	 	1	 	1	 	 	44.43
1106	 	-4	 	3	 	3.142	 	2	 	1	 	 	-5.985
1107	 	-4	 	3.5	 	-3.142	 	0	 	0	 	 	54.22
1108	 	-4	 	3.5	 	-3.142	 	1	 	0	 	 	-1.999
1109	 	-4	 	3.5	 	-3.142	 	2	 	0	 	 	-1.981
1110	 	-4	 	3.5	 	-2.356	 	0	 	1	 	 	-1.903
1111	 	-4	 	3.5	 	-2.356	 	1	 	1	 	 	50.55
1112	 	-4	 	3.5	 	-2.356	 	2	 	1	 	 	-1.92
1113	 	-4	 	3.5	 	-1.571	 	0	 	1	 	 	-2.7
1114	 	-4	 	3.5	 	-1.571	 	1	 	1	 	 	47.03
1115	 	-4	 	3.5	 	-1.571	 	2	 	1	 	 	-2.709
1116	 	-4	 	3.5	 	-0.7854	 	0	 	1	 	 	-3.621
1117	 	-4	 	3.5	 	-0.7854	 	1	 	1	 	 	42.97
1118	 	-4	 	3.5	 	-0.7854	 	2	 	1	 	 	-3.594
1119	 	-4	 	3.5	 	0	 	0	 	1	 	 	-4.378
1120	 	-4	 	3.5	 	0	 	1	 	1	 	 	37.38
1121	 	-4	 	3.5	 	0	 	2	 	1	 	 	-4.441
1122	 	-4	 	3.5	 	0.7854	 	0	 	1	 	 	-5.451
1123	 	-4	 	3.5	 	0.7854	 	1	 	1	 	 	31.69
1124	 	-4	 	3.5	 	0.7854	 	2	 	1	 	 	-5.216
1125	 	-4	 	3.5	 	1.571	 	0	 	1	 	 	-6.521
1126	 	-4	 	3.5	 	1.571	 	1	 	1	 	 	25.52
1127	 	-4	 	3.5	 	1.571	 	2	 	1	 	 	-6.039
1128	 	-4	 	3.5	 	2.356	 	0	 	2	 	 	-7.524
1129	 	-4	 	3.5	 	2.356	 	1	 	2	 	 	-6.534
1130	 	-4	 	3.5	 	2.356	 	2	 	2	 	 	30.12
1131	 	-4	 	3.5	 	3.142	 	0	 	0	 	 	40.88
1132	 	-4	 	3.5	 	3.142	 	1	 	0	 	 	-6.458
1133	 	-4	 	3.5	 	3.142	 	2	 	0	 	 	-6.477
1134	 	-3.5	 	0.5	 	-3.142	 	0	 	0	 	 	-2.97
1135	 	-3.5	 	0.5	 	-3.142	 	1	 	0	 	 	-3.758
1136	 	-3.5	 	0.5	 	-3.142	 	2	 	0	 	 	-3.014
1137	 	-3.5	 	0.5	 	-2.356	 	0	 	1	 	 	-4.571
1138	 	-3.5	 	0.5	 	-2.356	 	1	 	1	 	 	-3.94
1139	 	-3.5	 	0.5	 	-2.356	 	2	 	1	 	 	-4.095
1140	 	-3.5	 	0.5	 	-1.571	 	0	 	1	 	 	-4.918
1141	 	-3.5	 	0.5	 	-1.571	 	1	 	1	 	 	-4.901
1142	 	-3.5	 	0.5	 	-1.571	 	2	 	1	 	 	-5.024
1143	 	-3.5	 	0.5	 	-0.7854	 	0	 	2	 	 	-5.985
1144	 	-3.5	 	0.5	 	-0.7854	 	1	 	2	 	 	-5.813
1145	 	-3.5	 	0.5	 	-0.7854	 	2	 	2	 	 	10.71
1146	 	-3.5	 	0.5	 	0	 	0	 	2	 	 	-5.748
1147	 	-3.5	 	0.5	 	0	 	1	 	2	 	 	-5.721
1148	 	-3.5	 	0.5	 	0	 	2	 	2	 	 	22.04
1149	 	-3.5	 	0.5	 	0.7854	 	0	 	0	 	 	28.62
1150	 	-3.5	 	0.5	 	0.7854	 	1	 	0	 	 	-4.923
1151	 	-3.5	 	0.5	 	0.7854	 	2	 	0	 	 	-4.866
1152	 	-3.5	 	0.5	 	1.571	 	0	 	2	 	 	-4.035
1153	 	-3.5	 	0.5	 	1.571	 	1	 	2	 	 	-4.113
1154	 	-3.5	 	0.5	 	1.571	 	2	 	2	 	 	-3.94
1155	 	-3.5	 	0.5	 	2.356	 	0	 	0	 	 	-2.97
1156	 	-3.5	 	0.5	 	2.356	 	1	 	0	 	 	-3.143
1157	 	-3.5	 	0.5	 	2.356	 	2	 	0	 	 	-3.064
1158	 	-3.5	 	0.5	 	3.142	 	0	 	0	 	 	-2.97
1159	 	-3.5	 	0.5	 	3.142	 	1	 	0	 	 	-3.065
1160	 	-3.5	 	0.5	 	3.142	 	2	 	0	 	 	-2.997
1161	 	-3.5	 	1	 	-3.142	 	0	 	0	 	 	-2.97
1162	 	-3.5	 	1	 	-3.142	 	1	 	0	 	 	-2.997
1163	 	-3.5	 	1	 	-3.142	 	2	 	0	 	 	-3.118
1164	 	-3.5	 	1	 	-2.356	 	0	 	0	 	 	-3.94
1165	 	-3.5	 	1	 	-2.356	 	1	 	0	 	 	-3.94
1166	 	-3.5	 	1	 	-2.356	 	2	 	0	 	 	-4.013
1167	 	-3.5	 	1	 	-1.571	 	0	 	2	 	 	-4.905
1168	 	-3.5	 	1	 	-1.571	 	1	 	2	 	 	-4.878
1169	 	-3.5	 	1	 	-1.571	 	2	 	2	 	 	18.35
1170	 	-3.5	 	1	 	-0.7854	 	0	 	2	 	 	-5.541
1171	 	-3.5	 	1	 	-0.7854	 	1	 	2	 	 	-5.432
1172	 	-3.5	 	1	 	-0.7854	 	2	 	2	 	 	24.88
1173	 	-3.5	 	1	 	0	 	0	 	2	 	 	-5.451
1174	 	-3.5	 	1	 	0	 	1	 	2	 	 	-5.323
1175	 	-3.5	 	1	 	0	 	2	 	2	 	 	31.65
1176	 	-3.5	 	1	 	0.7854	 	0	 	0	 	 	35.29
1177	 	-3.5	 	1	 	0.7854	 	1	 	0	 	 	-4.735
1178	 	-3.5	 	1	 	0.7854	 	2	 	0	 	 	-4.738
1179	 	-3.5	 	1	 	1.571	 	0	 	2	 	 	-4.046
1180	 	-3.5	 	1	 	1.571	 	1	 	2	 	 	-3.994
1181	 	-3.5	 	1	 	1.571	 	2	 	2	 	 	-3.94
1182	 	-3.5	 	1	 	2.356	 	0	 	0	 	 	-2.97
1183	 	-3.5	 	1	 	2.356	 	1	 	0	 	 	-3.106
1184	 	-3.5	 	1	 	2.356	 	2	 	0	 	 	-2.994
1185	 	-3.5	 	1	 	3.142	 	0	 	0	 	 	-2.97
1186	 	-3.5	 	1	 	3.142	 	1	 	0	 	 	-3.006
1187	 	-3.5	 	1	 	3.142	 	2	 	0	 	 	-2.997
1188	 	-3.5	 	1.5	 	-3.142	 	0	 	0	 	 	-2.97
1189	 	-3.5	 	1.5	 	-3.142	 	1	 	0	 	 	-2.997
1190	 	-3.5	 	1.5	 	-3.142	 	2	 	0	 	 	-2.975
1191	 	-3.5	 	1.5	 	-2.356	 	0	 	0	 	 	-3.939
1192	 	-3.5	 	1.5	 	-2.356	 	1	 	0	 	 	-3.939
1193	 	-3.5	 	1.5	 	-2.356	 	2	 	0	 	 	-3.959
1194	 	-3.5	 	1.5	 	-1.571	 	0	 	0	 	 	6.869
1195	 	-3.5	 	1.5	 	-1.571	 	1	 	0	 	 	-4.87
1196	 	-3.5	 	1.5	 	-1.571	 	2	 	0	 	 	-4.905
1197	 	-3.5	 	1.5	 	-0.7854	 	0	 	2	 	 	-5.456
1198	 	-3.5	 	1.5	 	-0.7854	 	1	 	2	 	 	-5.314
1199	 	-3.5	 	1.5	 	-0.7854	 	2	 	2	 	 	17.81
1200	 	-3.5	 	1.5	 	0	 	0	 	2	 	 	-5.32
1201	 	-3.5	 	1.5	 	0	 	1	 	2	 	 	-5.262
1202	 	-3.5	 	1.5	 	0	 	2	 	2	 	 	27.25
1203	 	-3.5	 	1.5	 	0.7854	 	0	 	2	 	 	-5.058
1204	 	-3.5	 	1.5	 	0.7854	 	1	 	2	 	 	-5.043
1205	 	-3.5	 	1.5	 	0.7854	 	2	 	2	 	 	33.03
1206	 	-3.5	 	1.5	 	1.571	 	0	 	0	 	 	37.82
1207	 	-3.5	 	1.5	 	1.571	 	1	 	0	 	 	-4.624
1208	 	-3.5	 	1.5	 	1.571	 	2	 	0	 	 	-4.501
1209	 	-3.5	 	1.5	 	2.356	 	0	 	1	 	 	-3.909
1210	 	-3.5	 	1.5	 	2.356	 	1	 	1	 	 	28.63
1211	 	-3.5	 	1.5	 	2.356	 	2	 	1	 	 	-3.91
1212	 	-3.5	 	1.5	 	3.142	 	0	 	0	 	 	-2.97
1213	 	-3.5	 	1.5	 	3.142	 	1	 	0	 	 	-2.992
1214	 	-3.5	 	1.5	 	3.142	 	2	 	0	 	 	-2.997
1215	 	-3.5	 	2	 	-3.142	 	0	 	0	 	 	-2.97
1216	 	-3.5	 	2	 	-3.142	 	1	 	0	 	 	-2.997
1217	 	-3.5	 	2	 	-3.142	 	2	 	0	 	 	-3.001
1218	 	-3.5	 	2	 	-2.356	 	0	 	0	 	 	-2.97
1219	 	-3.5	 	2	 	-2.356	 	1	 	0	 	 	-3.02
1220	 	-3.5	 	2	 	-2.356	 	2	 	0	 	 	-2.974
1221	 	-3.5	 	2	 	-1.571	 	0	 	1	 	 	-3.974
1222	 	-3.5	 	2	 	-1.571	 	1	 	1	 	 	-3.94
1223	 	-3.5	 	2	 	-1.571	 	2	 	1	 	 	-3.974
1224	 	-3.5	 	2	 	-0.7854	 	0	 	2	 	 	-4.876
1225	 	-3.5	 	2	 	-0.7854	 	1	 	2	 	 	-4.778
1226	 	-3.5	 	2	 	-0.7854	 	2	 	2	 	 	22.34
1227	 	-3.5	 	2	 	0	 	0	 	2	 	 	-5.022
1228	 	-3.5	 	2	 	0	 	1	 	2	 	 	-4.992
1229	 	-3.5	 	2	 	0	 	2	 	2	 	 	31.23
1230	 	-3.5	 	2	 	0.7854	 	0	 	2	 	 	-4.874
1231	 	-3.5	 	2	 	0.7854	 	1	 	2	 	 	-4.78
1232	 	-3.5	 	2	 	0.7854	 	2	 	2	 	 	37.97
1233	 	-3.5	 	2	 	1.571	 	0	 	0	 	 	40.56
1234	 	-3.5	 	2	 	1.571	 	1	 	0	 	 	-4.467
1235	 	-3.5	 	2	 	1.571	 	2	 	0	 	 	-4.441
1236	 	-3.5	 	2	 	2.356	 	0	 	0	 	 	-3.935
1237	 	-3.5	 	2	 	2.356	 	1	 	0	 	 	-3.984
1238	 	-3.5	 	2	 	2.356	 	2	 	0	 	 	-3.935
1239	 	-3.5	 	2	 	3.142	 	0	 	0	 	 	-2.97
1240	 	-3.5	 	2	 	3.142	 	1	 	0	 	 	-2.984
1241	 	-3.5	 	2	 	3.142	 	2	 	0	 	 	-2.997
1242	 	-3.5	 	2.5	 	-3.142	 	0	 	0	 	 	-2.97
1243	 	-3.5	 	2.5	 	-3.142	 	1	 	0	 	 	-2.997
1244	 	-3.5	 	2.5	 	-3.142	 	2	 	0	 	 	-2.974
1245	 	-3.5	 	2.5	 	-2.356	 	0	 	0	 	 	-2.97
1246	 	-3.5	 	2.5	 	-2.356	 	1	 	0	 	 	-3.005
1247	 	-3.5	 	2.5	 	-2.356	 	2	 	0	 	 	-2.987
1248	 	-3.5	 	2.5	 	-1.571	 	0	 	1	 	 	-4.015
1249	 	-3.5	 	2.5	 	-1.571	 	1	 	1	 	 	-3.94
1250	 	-3.5	 	2.5	 	-1.571	 	2	 	1	 	 	-4.012
1251	 	-3.5	 	2.5	 	-0.7854	 	0	 	2	 	 	-4.796
1252	 	-3.5	 	2.5	 	-0.7854	 	1	 	2	 	 	-4.799
1253	 	-3.5	 	2.5	 	-0.7854	 	2	 	2	 	 	26.36
1254	 	-3.5	 	2.5	 	0	 	0	 	2	 	 	-5.252
1255	 	-3.5	 	2.5	 	0	 	1	 	2	 	 	-5.103
1256	 	-3.5	 	2.5	 	0	 	2	 	2	 	 	35.7
1257	 	-3.5	 	2.5	 	0.7854	 	0	 	2	 	 	-5.194
1258	 	-3.5	 	2.5	 	0.7854	 	1	 	2	 	 	-5.011
1259	 	-3.5	 	2.5	 	0.7854	 	2	 	2	 	 	40.03
1260	 	-3.5	 	2.5	 	1.571	 	0	 	2	 	 	-4.748
1261	 	-3.5	 	2.5	 	1.571	 	1	 	2	 	 	-4.566
1262	 	-3.5	 	2.5	 	1.571	 	2	 	2	 	 	43.07
1263	 	-3.5	 	2.5	 	2.356	 	0	 	0	 	 	45.51
1264	 	-3.5	 	2.5	 	2.356	 	1	 	0	 	 	-3.907
1265	 	-3.5	 	2.5	 	2.356	 	2	 	0	 	 	-3.909
1266	 	-3.5	 	2.5	 	3.142	 	0	 	0	 	 	-2.97
1267	 	-3.5	 	2.5	 	3.142	 	1	 	0	 	 	-3.1
1268	 	-3.5	 	2.5	 	3.142	 	2	 	0	 	 	-2.997
1269	 	-3.5	 	3	 	-3.142	 	0	 	0	 	 	50.94
1270	 	-3.5	 	3	 	-3.142	 	1	 	0	 	 	-2.917
1271	 	-3.5	 	3	 	-3.142	 	2	 	0	 	 	-2.758
1272	 	-3.5	 	3	 	-2.356	 	0	 	1	 	 	-2.917
1273	 	-3.5	 	3	 	-2.356	 	1	 	1	 	 	47.5
1274	 	-3.5	 	3	 	-2.356	 	2	 	1	 	 	-2.936
1275	 	-3.5	 	3	 	-1.571	 	0	 	1	 	 	-3.623
1276	 	-3.5	 	3	 	-1.571	 	1	 	1	 	 	43.49
1277	 	-3.5	 	3	 	-1.571	 	2	 	1	 	 	-3.759
1278	 	-3.5	 	3	 	-0.7854	 	0	 	1	 	 	-4.413
1279	 	-3.5	 	3	 	-0.7854	 	1	 	1	 	 	38.75
1280	 	-3.5	 	3	 	-0.7854	 	2	 	1	 	 	-4.449
1281	 	-3.5	 	3	 	0	 	0	 	1	 	 	-5.064
1282	 	-3.5	 	3	 	0	 	1	 	1	 	 	33.68
1283	 	-3.5	 	3	 	0	 	2	 	1	 	 	-5.009
1284	 	-3.5	 	3	 	0.7854	 	0	 	1	 	 	-5.552
1285	 	-3.5	 	3	 	0.7854	 	1	 	1	 	 	25.85
1286	 	-3.5	 	3	 	0.7854	 	2	 	1	 	 	-5.599
1287	 	-3.5	 	3	 	1.571	 	0	 	2	 	 	-6.023
1288	 	-3.5	 	3	 	1.571	 	1	 	2	 	 	-5.979
1289	 	-3.5	 	3	 	1.571	 	2	 	2	 	 	26.18
1290	 	-3.5	 	3	 	2.356	 	0	 	2	 	 	-6.099
1291	 	-3.5	 	3	 	2.356	 	1	 	2	 	 	-6.026
1292	 	-3.5	 	3	 	2.356	 	2	 	2	 	 	38.33
1293	 	-3.5	 	3	 	3.142	 	0	 	0	 	 	41.39
1294	 	-3.5	 	3	 	3.142	 	1	 	0	 	 	-5.723
1295	 	-3.5	 	3	 	3.142	 	2	 	0	 	 	-5.985
1296	 	-3.5	 	3.5	 	-3.142	 	0	 	0	 	 	51.63
1297	 	-3.5	 	3.5	 	-3.142	 	1	 	0	 	 	-2.997
1298	 	-3.5	 	3.5	 	-3.142	 	2	 	0	 	 	-2.473
1299	 	-3.5	 	3.5	 	-2.356	 	0	 	1	 	 	-2.676
1300	 	-3.5	 	3.5	 	-2.356	 	1	 	1	 	 	48
1301	 	-3.5	 	3.5	 	-2.356	 	2	 	1	 	 	-2.69
1302	 	-3.5	 	3.5	 	-1.571	 	0	 	1	 	 	-3.403
1303	 	-3.5	 	3.5	 	-1.571	 	1	 	1	 	 	44.56
1304	 	-3.5	 	3.5	 	-1.571	 	2	 	1	 	 	-3.479
1305	 	-3.5	 	3.5	 	-0.7854	 	0	 	1	 	 	-4.187
1306	 	-3.5	 	3.5	 	-0.7854	 	1	 	1	 	 	40.57
1307	 	-3.5	 	3.5	 	-0.7854	 	2	 	1	 	 	-4.27
1308	 	-3.5	 	3.5	 	0	 	0	 	1	 	 	-5.067
1309	 	-3.5	 	3.5	 	0	 	1	 	1	 	 	36.22
1310	 	-3.5	 	3.5	 	0	 	2	 	1	 	 	-4.961
1311	 	-3.5	 	3.5	 	0.7854	 	0	 	1	 	 	-5.744
1312	 	-3.5	 	3.5	 	0.7854	 	1	 	1	 	 	32.17
1313	 	-3.5	 	3.5	 	0.7854	 	2	 	1	 	 	-5.869
1314	 	-3.5	 	3.5	 	1.571	 	0	 	1	 	 	-6.713
1315	 	-3.5	 	3.5	 	1.571	 	1	 	1	 	 	27.69
1316	 	-3.5	 	3.5	 	1.571	 	2	 	1	 	 	-6.532
1317	 	-3.5	 	3.5	 	2.356	 	0	 	1	 	 	-7.905
1318	 	-3.5	 	3.5	 	2.356	 	1	 	1	 	 	21.69
1319	 	-3.5	 	3.5	 	2.356	 	2	 	1	 	 	-7.056
1320	 	-3.5	 	3.5	 	3.142	 	0	 	0	 	 	32.88
1321	 	-3.5	 	3.5	 	3.142	 	1	 	0	 	 	-6.896
1322	 	-3.5	 	3.5	 	3.142	 	2	 	0	 	 	-6.924
1323	 	-3	 	0.5	 	-3.142	 	0	 	0	 	 	-3.94
1324	 	-3	 	0.5	 	-3.142	 	1	 	0	 	 	-4.467
1325	 	-3	 	0.5	 	-3.142	 	2	 	0	 	 	-4.043
1326	 	-3	 	0.5	 	-2.356	 	0	 	1	 	 	-5.157
1327	 	-3	 	0.5	 	-2.356	 	1	 	1	 	 	-4.901
1328	 	-3	 	0.5	 	-2.356	 	2	 	1	 	 	-4.946
1329	 	-3	 	0.5	 	-1.571	 	0	 	1	 	 	-7.417
1330	 	-3	 	0.5	 	-1.571	 	1	 	1	 	 	-5.852
1331	 	-3	 	0.5	 	-1.571	 	2	 	1	 	 	-5.925
1332	 	-3	 	0.5	 	-0.7854	 	0	 	1	 	 	-7.537
1333	 	-3	 	0.5	 	-0.7854	 	1	 	1	 	 	-6.787
1334	 	-3	 	0.5	 	-0.7854	 	2	 	1	 	 	-6.829
1335	 	-3	 	0.5	 	0	 	0	 	2	 	 	-7.219
1336	 	-3	 	0.5	 	0	 	1	 	2	 	 	-6.831
1337	 	-3	 	0.5	 	0	 	2	 	2	 	 	-6.782
1338	 	-3	 	0.5	 	0.7854	 	0	 	2	 	 	-5.973
1339	 	-3	 	0.5	 	0.7854	 	1	 	2	 	 	-5.886
1340	 	-3	 	0.5	 	0.7854	 	2	 	2	 	 	-5.852
1341	 	-3	 	0.5	 	1.571	 	0	 	2	 	 	-4.95
1342	 	-3	 	0.5	 	1.571	 	1	 	2	 	 	-4.909
1343	 	-3	 	0.5	 	1.571	 	2	 	2	 	 	-4.901
1344	 	-3	 	0.5	 	2.356	 	0	 	0	 	 	-3.94
1345	 	-3	 	0.5	 	2.356	 	1	 	0	 	 	-4.1
1346	 	-3	 	0.5	 	2.356	 	2	 	0	 	 	-3.955
1347	 	-3	 	0.5	 	3.142	 	0	 	0	 	 	-3.932
1348	 	-3	 	0.5	 	3.142	 	1	 	0	 	 	-4.011
1349	 	-3	 	0.5	 	3.142	 	2	 	0	 	 	-3.994
1350	 	-3	 	1	 	-3.142	 	0	 	0	 	 	-3.94
1351	 	-3	 	1	 	-3.142	 	1	 	0	 	 	-3.994
1352	 	-3	 	1	 	-3.142	 	2	 	0	 	 	-3.982
1353	 	-3	 	1	 	-2.356	 	0	 	1	 	 	-4.898
1354	 	-3	 	1	 	-2.356	 	1	 	1	 	 	-4.898
1355	 	-3	 	1	 	-2.356	 	2	 	1	 	 	-4.949
1356	 	-3	 	1	 	-1.571	 	0	 	2	 	 	-5.823
1357	 	-3	 	1	 	-1.571	 	1	 	2	 	 	-5.809
1358	 	-3	 	1	 	-1.571	 	2	 	2	 	 	12.21
1359	 	-3	 	1	 	-0.7854	 	0	 	2	 	 	-6.712
1360	 	-3	 	1	 	-0.7854	 	1	 	2	 	 	-6.515
1361	 	-3	 	1	 	-0.7854	 	2	 	2	 	 	23.57
1362	 	-3	 	1	 	0	 	0	 	2	 	 	-6.881
1363	 	-3	 	1	 	0	 	1	 	2	 	 	-6.506
1364	 	-3	 	1	 	0	 	2	 	2	 	 	29.53
1365	 	-3	 	1	 	0.7854	 	0	 	2	 	 	-6.943
1366	 	-3	 	1	 	0.7854	 	1	 	2	 	 	-6.051
1367	 	-3	 	1	 	0.7854	 	2	 	2	 	 	34.26
1368	 	-3	 	1	 	1.571	 	0	 	0	 	 	36.91
1369	 	-3	 	1	 	1.571	 	1	 	0	 	 	-5.356
1370	 	-3	 	1	 	1.571	 	2	 	0	 	 	-5.252
1371	 	-3	 	1	 	2.356	 	0	 	1	 	 	-4.588
1372	 	-3	 	1	 	2.356	 	1	 	1	 	 	24.55
1373	 	-3	 	1	 	2.356	 	2	 	1	 	 	-4.603
1374	 	-3	 	1	 	3.142	 	0	 	0	 	 	-3.94
1375	 	-3	 	1	 	3.142	 	1	 	0	 	 	-3.982
1376	 	-3	 	1	 	3.142	 	2	 	0	 	 	-3.994
1377	 	-3	 	1.5	 	-3.142	 	0	 	0	 	 	-3.94
1378	 	-3	 	1.5	 	-3.142	 	1	 	0	 	 	-3.994
1379	 	-3	 	1.5	 	-3.142	 	2	 	0	 	 	-3.974
1380	 	-3	 	1.5	 	-2.356	 	0	 	1	 	 	-4.886
1381	 	-3	 	1.5	 	-2.356	 	1	 	1	 	 	-4.886
1382	 	-3	 	1.5	 	-2.356	 	2	 	1	 	 	-4.912
1383	 	-3	 	1.5	 	-1.571	 	0	 	2	 	 	-5.752
1384	 	-3	 	1.5	 	-1.571	 	1	 	2	 	 	-5.684
1385	 	-3	 	1.5	 	-1.571	 	2	 	2	 	 	16.43
1386	 	-3	 	1.5	 	-0.7854	 	0	 	2	 	 	-6.154
1387	 	-3	 	1.5	 	-0.7854	 	1	 	2	 	 	-6.137
1388	 	-3	 	1.5	 	-0.7854	 	2	 	2	 	 	25.01
1389	 	-3	 	1.5	 	0	 	0	 	2	 	 	-6.89
1390	 	-3	 	1.5	 	0	 	1	 	2	 	 	-6.176
1391	 	-3	 	1.5	 	0	 	2	 	2	 	 	32.27
1392	 	-3	 	1.5	 	0.7854	 	0	 	2	 	 	-6.461
1393	 	-3	 	1.5	 	0.7854	 	1	 	2	 	 	-5.779
1394	 	-3	 	1.5	 	0.7854	 	2	 	2	 	 	37.36
1395	 	-3	 	1.5	 	1.571	 	0	 	0	 	 	39.56
1396	 	-3	 	1.5	 	1.571	 	1	 	0	 	 	-5.203
1397	 	-3	 	1.5	 	1.571	 	2	 	0	 	 	-5.206
1398	 	-3	 	1.5	 	2.356	 	0	 	1	 	 	-4.626
1399	 	-3	 	1.5	 	2.356	 	1	 	1	 	 	26.85
1400	 	-3	 	1.5	 	2.356	 	2	 	1	 	 	-4.609
1401	 	-3	 	1.5	 	3.142	 	0	 	0	 	 	-3.94
1402	 	-3	 	1.5	 	3.142	 	1	 	0	 	 	-3.958
1403	 	-3	 	1.5	 	3.142	 	2	 	0	 	 	-3.994
1404	 	-3	 	2	 	-3.142	 	0	 	0	 	 	-3.94
1405	 	-3	 	2	 	-3.142	 	1	 	0	 	 	-3.994
1406	 	-3	 	2	 	-3.142	 	2	 	0	 	 	-3.984
1407	 	-3	 	2	 	-2.356	 	0	 	2	 	 	-4.778
1408	 	-3	 	2	 	-2.356	 	1	 	2	 	 	-4.777
1409	 	-3	 	2	 	-2.356	 	2	 	2	 	 	12.9
1410	 	-3	 	2	 	-1.571	 	0	 	2	 	 	-5.479
1411	 	-3	 	2	 	-1.571	 	1	 	2	 	 	-5.404
1412	 	-3	 	2	 	-1.571	 	2	 	2	 	 	22.05
1413	 	-3	 	2	 	-0.7854	 	0	 	2	 	 	-6.486
1414	 	-3	 	2	 	-0.7854	 	1	 	2	 	 	-5.834
1415	 	-3	 	2	 	-0.7854	 	2	 	2	 	 	28.57
1416	 	-3	 	2	 	0	 	0	 	2	 	 	-6.761
1417	 	-3	 	2	 	0	 	1	 	2	 	 	-6.034
1418	 	-3	 	2	 	0	 	2	 	2	 	 	34.18
1419	 	-3	 	2	 	0.7854	 	0	 	2	 	 	-5.804
1420	 	-3	 	2	 	0.7854	 	1	 	2	 	 	-5.843
1421	 	-3	 	2	 	0.7854	 	2	 	2	 	 	38.07
1422	 	-3	 	2	 	1.571	 	0	 	2	 	 	-5.223
1423	 	-3	 	2	 	1.571	 	1	 	2	 	 	-5.131
1424	 	-3	 	2	 	1.571	 	2	 	2	 	 	41.64
1425	 	-3	 	2	 	2.356	 	0	 	0	 	 	43.63
1426	 	-3	 	2	 	2.356	 	1	 	0	 	 	-4.522
1427	 	-3	 	2	 	2.356	 	2	 	0	 	 	-4.444
1428	 	-3	 	2	 	3.142	 	0	 	0	 	 	-3.94
1429	 	-3	 	2	 	3.142	 	1	 	0	 	 	-3.97
1430	 	-3	 	2	 	3.142	 	2	 	0	 	 	-3.994
1431	 	-3	 	2.5	 	-3.142	 	0	 	0	 	 	-3.934
1432	 	-3	 	2.5	 	-3.142	 	1	 	0	 	 	-3.994
1433	 	-3	 	2.5	 	-3.142	 	2	 	0	 	 	-4.007
1434	 	-3	 	2.5	 	-2.356	 	0	 	0	 	 	-3.94
1435	 	-3	 	2.5	 	-2.356	 	1	 	0	 	 	-4.016
1436	 	-3	 	2.5	 	-2.356	 	2	 	0	 	 	-4.015
1437	 	-3	 	2.5	 	-1.571	 	0	 	1	 	 	-4.964
1438	 	-3	 	2.5	 	-1.571	 	1	 	1	 	 	-4.901
1439	 	-3	 	2.5	 	-1.571	 	2	 	1	 	 	-4.999
1440	 	-3	 	2.5	 	-0.7854	 	0	 	1	 	 	-5.985
1441	 	-3	 	2.5	 	-0.7854	 	1	 	1	 	 	-5.849
1442	 	-3	 	2.5	 	-0.7854	 	2	 	1	 	 	-5.851
1443	 	-3	 	2.5	 	0	 	0	 	2	 	 	-6.732
1444	 	-3	 	2.5	 	0	 	1	 	2	 	 	-6.534
1445	 	-3	 	2.5	 	0	 	2	 	2	 	 	14.72
1446	 	-3	 	2.5	 	0.7854	 	0	 	2	 	 	-6.979
1447	 	-3	 	2.5	 	0.7854	 	1	 	2	 	 	-6.302
1448	 	-3	 	2.5	 	0.7854	 	2	 	2	 	 	25.27
1449	 	-3	 	2.5	 	1.571	 	0	 	2	 	 	-5.762
1450	 	-3	 	2.5	 	1.571	 	1	 	2	 	 	-5.658
1451	 	-3	 	2.5	 	1.571	 	2	 	2	 	 	30.44
1452	 	-3	 	2.5	 	2.356	 	0	 	0	 	 	34.88
1453	 	-3	 	2.5	 	2.356	 	1	 	0	 	 	-5.008
1454	 	-3	 	2.5	 	2.356	 	2	 	0	 	 	-4.863
1455	 	-3	 	2.5	 	3.142	 	0	 	0	 	 	-3.94
1456	 	-3	 	2.5	 	3.142	 	1	 	0	 	 	-3.946
1457	 	-3	 	2.5	 	3.142	 	2	 	0	 	 	-3.994
1458	 	-3	 	3	 	-3.142	 	0	 	0	 	 	48.16
1459	 	-3	 	3	 	-3.142	 	1	 	0	 	 	-3.994
1460	 	-3	 	3	 	-3.142	 	2	 	0	 	 	-3.168
1461	 	-3	 	3	 	-2.356	 	0	 	1	 	 	-3.703
1462	 	-3	 	3	 	-2.356	 	1	 	1	 	 	44.78
1463	 	-3	 	3	 	-2.356	 	2	 	1	 	 	-3.819
1464	 	-3	 	3	 	-1.571	 	0	 	1	 	 	-4.427
1465	 	-3	 	3	 	-1.571	 	1	 	1	 	 	40.1
1466	 	-3	 	3	 	-1.571	 	2	 	1	 	 	-4.531
1467	 	-3	 	3	 	-0.7854	 	0	 	1	 	 	-5.903
1468	 	-3	 	3	 	-0.7854	 	1	 	1	 	 	34.89
1469	 	-3	 	3	 	-0.7854	 	2	 	1	 	 	-5.269
1470	 	-3	 	3	 	0	 	0	 	1	 	 	-6.721
1471	 	-3	 	3	 	0	 	1	 	1	 	 	29.49
1472	 	-3	 	3	 	0	 	2	 	1	 	 	-5.94
1473	 	-3	 	3	 	0.7854	 	0	 	1	 	 	-6.456
1474	 	-3	 	3	 	0.7854	 	1	 	1	 	 	22.86
1475	 	-3	 	3	 	0.7854	 	2	 	1	 	 	-6.43
1476	 	-3	 	3	 	1.571	 	0	 	0	 	 	19.88
1477	 	-3	 	3	 	1.571	 	1	 	0	 	 	-6.458
1478	 	-3	 	3	 	1.571	 	2	 	0	 	 	-6.468
1479	 	-3	 	3	 	2.356	 	0	 	2	 	 	-6.129
1480	 	-3	 	3	 	2.356	 	1	 	2	 	 	-6.152
1481	 	-3	 	3	 	2.356	 	2	 	2	 	 	22.37
1482	 	-3	 	3	 	3.142	 	0	 	0	 	 	32.44
1483	 	-3	 	3	 	3.142	 	1	 	0	 	 	-5.793
1484	 	-3	 	3	 	3.142	 	2	 	0	 	 	-5.886
1485	 	-3	 	3.5	 	-3.142	 	0	 	0	 	 	48.94
1486	 	-3	 	3.5	 	-3.142	 	1	 	0	 	 	-2.997
1487	 	-3	 	3.5	 	-3.142	 	2	 	0	 	 	-2.844
1488	 	-3	 	3.5	 	-2.356	 	0	 	1	 	 	-3.345
1489	 	-3	 	3.5	 	-2.356	 	1	 	1	 	 	46.02
1490	 	-3	 	3.5	 	-2.356	 	2	 	1	 	 	-3.443
1491	 	-3	 	3.5	 	-1.571	 	0	 	1	 	 	-4.107
1492	 	-3	 	3.5	 	-1.571	 	1	 	1	 	 	42.83
1493	 	-3	 	3.5	 	-1.571	 	2	 	1	 	 	-4.166
1494	 	-3	 	3.5	 	-0.7854	 	0	 	1	 	 	-4.909
1495	 	-3	 	3.5	 	-0.7854	 	1	 	1	 	 	39.23
1496	 	-3	 	3.5	 	-0.7854	 	2	 	1	 	 	-4.977
1497	 	-3	 	3.5	 	0	 	0	 	1	 	 	-5.81
1498	 	-3	 	3.5	 	0	 	1	 	1	 	 	35.45
1499	 	-3	 	3.5	 	0	 	2	 	1	 	 	-5.637
1500	 	-3	 	3.5	 	0.7854	 	0	 	1	 	 	-6.527
1501	 	-3	 	3.5	 	0.7854	 	1	 	1	 	 	31.74
1502	 	-3	 	3.5	 	0.7854	 	2	 	1	 	 	-6.481
1503	 	-3	 	3.5	 	1.571	 	0	 	1	 	 	-7.876
1504	 	-3	 	3.5	 	1.571	 	1	 	1	 	 	27.54
1505	 	-3	 	3.5	 	1.571	 	2	 	1	 	 	-7.085
1506	 	-3	 	3.5	 	2.356	 	0	 	1	 	 	-7.729
1507	 	-3	 	3.5	 	2.356	 	1	 	1	 	 	20.17
1508	 	-3	 	3.5	 	2.356	 	2	 	1	 	 	-7.172
1509	 	-3	 	3.5	 	3.142	 	0	 	0	 	 	23.57
1510	 	-3	 	3.5	 	3.142	 	1	 	0	 	 	-6.987
1511	 	-3	 	3.5	 	3.142	 	2	 	0	 	 	-6.917
