Gamma     = 0.99 , alpha    = 0.1 , episodes            = 10000
n actions = 4    , n states = 605 , n state action pair = 2420

row	 	 x	 	 y	 	theta	 	actions	 	best action	 	Q Table
0	 	-5	 	-5	 	0	 	0	 	3	 	 	-2.896
1	 	-5	 	-5	 	0	 	1	 	3	 	 	-2.997
2	 	-5	 	-5	 	0	 	2	 	3	 	 	-2.908
3	 	-5	 	-5	 	0	 	3	 	3	 	 	-2.893
4	 	-5	 	-5	 	1.571	 	0	 	0	 	 	-1.412
5	 	-5	 	-5	 	1.571	 	1	 	0	 	 	-2.997
6	 	-5	 	-5	 	1.571	 	2	 	0	 	 	-2.811
7	 	-5	 	-5	 	1.571	 	3	 	0	 	 	-2.798
8	 	-5	 	-5	 	3.142	 	0	 	1	 	 	-2.997
9	 	-5	 	-5	 	3.142	 	1	 	1	 	 	-2.31
10	 	-5	 	-5	 	3.142	 	2	 	1	 	 	-2.731
11	 	-5	 	-5	 	3.142	 	3	 	1	 	 	-2.974
12	 	-5	 	-5	 	4.712	 	0	 	1	 	 	-5.757
13	 	-5	 	-5	 	4.712	 	1	 	1	 	 	-2.929
14	 	-5	 	-5	 	4.712	 	2	 	1	 	 	-5.542
15	 	-5	 	-5	 	4.712	 	3	 	1	 	 	-4.941
16	 	-5	 	-5	 	6.283	 	0	 	0	 	 	-2.947
17	 	-5	 	-5	 	6.283	 	1	 	0	 	 	-5.8
18	 	-5	 	-5	 	6.283	 	2	 	0	 	 	-4.998
19	 	-5	 	-5	 	6.283	 	3	 	0	 	 	-5.45
20	 	-5	 	-4	 	0	 	0	 	3	 	 	-2.646
21	 	-5	 	-4	 	0	 	1	 	3	 	 	-2.997
22	 	-5	 	-4	 	0	 	2	 	3	 	 	-2.997
23	 	-5	 	-4	 	0	 	3	 	3	 	 	-2.122
24	 	-5	 	-4	 	1.571	 	0	 	3	 	 	-2.391
25	 	-5	 	-4	 	1.571	 	1	 	3	 	 	-2.478
26	 	-5	 	-4	 	1.571	 	2	 	3	 	 	-2.441
27	 	-5	 	-4	 	1.571	 	3	 	3	 	 	2.745
28	 	-5	 	-4	 	3.142	 	0	 	1	 	 	-1.999
29	 	-5	 	-4	 	3.142	 	1	 	1	 	 	6.238
30	 	-5	 	-4	 	3.142	 	2	 	1	 	 	-1.963
31	 	-5	 	-4	 	3.142	 	3	 	1	 	 	-2.185
32	 	-5	 	-4	 	4.712	 	0	 	1	 	 	-4.459
33	 	-5	 	-4	 	4.712	 	1	 	1	 	 	1.237
34	 	-5	 	-4	 	4.712	 	2	 	1	 	 	-7.437
35	 	-5	 	-4	 	4.712	 	3	 	1	 	 	-4.483
36	 	-5	 	-4	 	6.283	 	0	 	0	 	 	-3.212
37	 	-5	 	-4	 	6.283	 	1	 	0	 	 	-4.81
38	 	-5	 	-4	 	6.283	 	2	 	0	 	 	-4.509
39	 	-5	 	-4	 	6.283	 	3	 	0	 	 	-4.505
40	 	-5	 	-3	 	0	 	0	 	3	 	 	-2.192
41	 	-5	 	-3	 	0	 	1	 	3	 	 	-2.997
42	 	-5	 	-3	 	0	 	2	 	3	 	 	-2.997
43	 	-5	 	-3	 	0	 	3	 	3	 	 	-1.931
44	 	-5	 	-3	 	1.571	 	0	 	3	 	 	-2.04
45	 	-5	 	-3	 	1.571	 	1	 	3	 	 	-2.074
46	 	-5	 	-3	 	1.571	 	2	 	3	 	 	-2.018
47	 	-5	 	-3	 	1.571	 	3	 	3	 	 	0.8571
48	 	-5	 	-3	 	3.142	 	0	 	1	 	 	-1.999
49	 	-5	 	-3	 	3.142	 	1	 	1	 	 	5.443
50	 	-5	 	-3	 	3.142	 	2	 	1	 	 	-1.636
51	 	-5	 	-3	 	3.142	 	3	 	1	 	 	-1.906
52	 	-5	 	-3	 	4.712	 	0	 	1	 	 	-3.841
53	 	-5	 	-3	 	4.712	 	1	 	1	 	 	5.875
54	 	-5	 	-3	 	4.712	 	2	 	1	 	 	-5.857
55	 	-5	 	-3	 	4.712	 	3	 	1	 	 	-3.887
56	 	-5	 	-3	 	6.283	 	0	 	0	 	 	0.1334
57	 	-5	 	-3	 	6.283	 	1	 	0	 	 	-3.738
58	 	-5	 	-3	 	6.283	 	2	 	0	 	 	-3.751
59	 	-5	 	-3	 	6.283	 	3	 	0	 	 	-3.906
60	 	-5	 	-2	 	0	 	0	 	0	 	 	-1.608
61	 	-5	 	-2	 	0	 	1	 	0	 	 	-2.908
62	 	-5	 	-2	 	0	 	2	 	0	 	 	-2.997
63	 	-5	 	-2	 	0	 	3	 	0	 	 	-2.416
64	 	-5	 	-2	 	1.571	 	0	 	0	 	 	0.08432
65	 	-5	 	-2	 	1.571	 	1	 	0	 	 	-2.059
66	 	-5	 	-2	 	1.571	 	2	 	0	 	 	-2.125
67	 	-5	 	-2	 	1.571	 	3	 	0	 	 	-2.066
68	 	-5	 	-2	 	3.142	 	0	 	3	 	 	-1.999
69	 	-5	 	-2	 	3.142	 	1	 	3	 	 	-1.762
70	 	-5	 	-2	 	3.142	 	2	 	3	 	 	-1.767
71	 	-5	 	-2	 	3.142	 	3	 	3	 	 	2.399
72	 	-5	 	-2	 	4.712	 	0	 	1	 	 	-3.289
73	 	-5	 	-2	 	4.712	 	1	 	1	 	 	11.25
74	 	-5	 	-2	 	4.712	 	2	 	1	 	 	-3.439
75	 	-5	 	-2	 	4.712	 	3	 	1	 	 	-3.287
76	 	-5	 	-2	 	6.283	 	0	 	2	 	 	-3.234
77	 	-5	 	-2	 	6.283	 	1	 	2	 	 	-3.925
78	 	-5	 	-2	 	6.283	 	2	 	2	 	 	4.667
79	 	-5	 	-2	 	6.283	 	3	 	2	 	 	-5.016
80	 	-5	 	-1	 	0	 	0	 	0	 	 	-0.0182
81	 	-5	 	-1	 	0	 	1	 	0	 	 	-1.999
82	 	-5	 	-1	 	0	 	2	 	0	 	 	-1.999
83	 	-5	 	-1	 	0	 	3	 	0	 	 	-1.728
84	 	-5	 	-1	 	1.571	 	0	 	3	 	 	-1.516
85	 	-5	 	-1	 	1.571	 	1	 	3	 	 	-1.616
86	 	-5	 	-1	 	1.571	 	2	 	3	 	 	-1.557
87	 	-5	 	-1	 	1.571	 	3	 	3	 	 	5.084
88	 	-5	 	-1	 	3.142	 	0	 	1	 	 	-1.999
89	 	-5	 	-1	 	3.142	 	1	 	1	 	 	10.44
90	 	-5	 	-1	 	3.142	 	2	 	1	 	 	-1.19
91	 	-5	 	-1	 	3.142	 	3	 	1	 	 	-1.271
92	 	-5	 	-1	 	4.712	 	0	 	1	 	 	-2.827
93	 	-5	 	-1	 	4.712	 	1	 	1	 	 	13.85
94	 	-5	 	-1	 	4.712	 	2	 	1	 	 	-2.937
95	 	-5	 	-1	 	4.712	 	3	 	1	 	 	-2.853
96	 	-5	 	-1	 	6.283	 	0	 	0	 	 	0.6797
97	 	-5	 	-1	 	6.283	 	1	 	0	 	 	-3.754
98	 	-5	 	-1	 	6.283	 	2	 	0	 	 	-2.852
99	 	-5	 	-1	 	6.283	 	3	 	0	 	 	-3.735
100	 	-5	 	0	 	0	 	0	 	0	 	 	-0.5192
101	 	-5	 	0	 	0	 	1	 	0	 	 	-1.999
102	 	-5	 	0	 	0	 	2	 	0	 	 	-1.999
103	 	-5	 	0	 	0	 	3	 	0	 	 	-1.453
104	 	-5	 	0	 	1.571	 	0	 	3	 	 	-1.186
105	 	-5	 	0	 	1.571	 	1	 	3	 	 	-1.152
106	 	-5	 	0	 	1.571	 	2	 	3	 	 	-1.177
107	 	-5	 	0	 	1.571	 	3	 	3	 	 	1.097
108	 	-5	 	0	 	3.142	 	0	 	1	 	 	-1
109	 	-5	 	0	 	3.142	 	1	 	1	 	 	9.725
110	 	-5	 	0	 	3.142	 	2	 	1	 	 	-0.7946
111	 	-5	 	0	 	3.142	 	3	 	1	 	 	-0.7772
112	 	-5	 	0	 	4.712	 	0	 	1	 	 	-2.333
113	 	-5	 	0	 	4.712	 	1	 	1	 	 	16.73
114	 	-5	 	0	 	4.712	 	2	 	1	 	 	-4.329
115	 	-5	 	0	 	4.712	 	3	 	1	 	 	-2.374
116	 	-5	 	0	 	6.283	 	0	 	0	 	 	3.145
117	 	-5	 	0	 	6.283	 	1	 	0	 	 	-4.748
118	 	-5	 	0	 	6.283	 	2	 	0	 	 	-2.292
119	 	-5	 	0	 	6.283	 	3	 	0	 	 	-3.537
120	 	-5	 	1	 	0	 	0	 	0	 	 	1.058
121	 	-5	 	1	 	0	 	1	 	0	 	 	-1.999
122	 	-5	 	1	 	0	 	2	 	0	 	 	-1.999
123	 	-5	 	1	 	0	 	3	 	0	 	 	-1.18
124	 	-5	 	1	 	1.571	 	0	 	3	 	 	-1.114
125	 	-5	 	1	 	1.571	 	1	 	3	 	 	-1.075
126	 	-5	 	1	 	1.571	 	2	 	3	 	 	-1.084
127	 	-5	 	1	 	1.571	 	3	 	3	 	 	8.848
128	 	-5	 	1	 	3.142	 	0	 	1	 	 	-1
129	 	-5	 	1	 	3.142	 	1	 	1	 	 	14.39
130	 	-5	 	1	 	3.142	 	2	 	1	 	 	-0.6713
131	 	-5	 	1	 	3.142	 	3	 	1	 	 	-0.6324
132	 	-5	 	1	 	4.712	 	0	 	3	 	 	-1.941
133	 	-5	 	1	 	4.712	 	1	 	3	 	 	-1.915
134	 	-5	 	1	 	4.712	 	2	 	3	 	 	-4.187
135	 	-5	 	1	 	4.712	 	3	 	3	 	 	19.16
136	 	-5	 	1	 	6.283	 	0	 	0	 	 	20.83
137	 	-5	 	1	 	6.283	 	1	 	0	 	 	-4.788
138	 	-5	 	1	 	6.283	 	2	 	0	 	 	-1.449
139	 	-5	 	1	 	6.283	 	3	 	0	 	 	-7.293
140	 	-5	 	2	 	0	 	0	 	3	 	 	-1.623
141	 	-5	 	2	 	0	 	1	 	3	 	 	-1.999
142	 	-5	 	2	 	0	 	2	 	3	 	 	-1.999
143	 	-5	 	2	 	0	 	3	 	3	 	 	-0.8158
144	 	-5	 	2	 	1.571	 	0	 	1	 	 	-1.364
145	 	-5	 	2	 	1.571	 	1	 	1	 	 	3.012
146	 	-5	 	2	 	1.571	 	2	 	1	 	 	-1.324
147	 	-5	 	2	 	1.571	 	3	 	1	 	 	-1.32
148	 	-5	 	2	 	3.142	 	0	 	1	 	 	-1
149	 	-5	 	2	 	3.142	 	1	 	1	 	 	5.355
150	 	-5	 	2	 	3.142	 	2	 	1	 	 	-0.9856
151	 	-5	 	2	 	3.142	 	3	 	1	 	 	-0.9846
152	 	-5	 	2	 	4.712	 	0	 	0	 	 	15.05
153	 	-5	 	2	 	4.712	 	1	 	0	 	 	-2.301
154	 	-5	 	2	 	4.712	 	2	 	0	 	 	-4.212
155	 	-5	 	2	 	4.712	 	3	 	0	 	 	-2.267
156	 	-5	 	2	 	6.283	 	0	 	2	 	 	-2.155
157	 	-5	 	2	 	6.283	 	1	 	2	 	 	-2.757
158	 	-5	 	2	 	6.283	 	2	 	2	 	 	6.39
159	 	-5	 	2	 	6.283	 	3	 	2	 	 	-2.964
160	 	-5	 	3	 	0	 	0	 	3	 	 	-1.72
161	 	-5	 	3	 	0	 	1	 	3	 	 	-1.999
162	 	-5	 	3	 	0	 	2	 	3	 	 	-1.999
163	 	-5	 	3	 	0	 	3	 	3	 	 	0.7968
164	 	-5	 	3	 	1.571	 	0	 	3	 	 	-1.472
165	 	-5	 	3	 	1.571	 	1	 	3	 	 	-1.5
166	 	-5	 	3	 	1.571	 	2	 	3	 	 	-1.479
167	 	-5	 	3	 	1.571	 	3	 	3	 	 	9.867
168	 	-5	 	3	 	3.142	 	0	 	1	 	 	-1.9
169	 	-5	 	3	 	3.142	 	1	 	1	 	 	13.11
170	 	-5	 	3	 	3.142	 	2	 	1	 	 	-1.112
171	 	-5	 	3	 	3.142	 	3	 	1	 	 	-1.155
172	 	-5	 	3	 	4.712	 	0	 	0	 	 	10.59
173	 	-5	 	3	 	4.712	 	1	 	0	 	 	-2.762
174	 	-5	 	3	 	4.712	 	2	 	0	 	 	-2.757
175	 	-5	 	3	 	4.712	 	3	 	0	 	 	-2.694
176	 	-5	 	3	 	6.283	 	0	 	2	 	 	-2.649
177	 	-5	 	3	 	6.283	 	1	 	2	 	 	-3.458
178	 	-5	 	3	 	6.283	 	2	 	2	 	 	2.93
179	 	-5	 	3	 	6.283	 	3	 	2	 	 	-5.251
180	 	-5	 	4	 	0	 	0	 	0	 	 	-1.672
181	 	-5	 	4	 	0	 	1	 	0	 	 	-2.997
182	 	-5	 	4	 	0	 	2	 	0	 	 	-2.997
183	 	-5	 	4	 	0	 	3	 	0	 	 	-2.17
184	 	-5	 	4	 	1.571	 	0	 	1	 	 	-2.016
185	 	-5	 	4	 	1.571	 	1	 	1	 	 	4.621
186	 	-5	 	4	 	1.571	 	2	 	1	 	 	-1.905
187	 	-5	 	4	 	1.571	 	3	 	1	 	 	-1.905
188	 	-5	 	4	 	3.142	 	0	 	1	 	 	-1.999
189	 	-5	 	4	 	3.142	 	1	 	1	 	 	2.098
190	 	-5	 	4	 	3.142	 	2	 	1	 	 	-1.643
191	 	-5	 	4	 	3.142	 	3	 	1	 	 	-1.757
192	 	-5	 	4	 	4.712	 	0	 	0	 	 	5.313
193	 	-5	 	4	 	4.712	 	1	 	0	 	 	-3.191
194	 	-5	 	4	 	4.712	 	2	 	0	 	 	-3.914
195	 	-5	 	4	 	4.712	 	3	 	0	 	 	-3.132
196	 	-5	 	4	 	6.283	 	0	 	0	 	 	2.454
197	 	-5	 	4	 	6.283	 	1	 	0	 	 	-4.209
198	 	-5	 	4	 	6.283	 	2	 	0	 	 	-3.264
199	 	-5	 	4	 	6.283	 	3	 	0	 	 	-3.827
200	 	-5	 	5	 	0	 	0	 	0	 	 	-2.477
201	 	-5	 	5	 	0	 	1	 	0	 	 	-2.997
202	 	-5	 	5	 	0	 	2	 	0	 	 	-2.997
203	 	-5	 	5	 	0	 	3	 	0	 	 	-2.707
204	 	-5	 	5	 	1.571	 	0	 	1	 	 	-2.997
205	 	-5	 	5	 	1.571	 	1	 	1	 	 	-1.171
206	 	-5	 	5	 	1.571	 	2	 	1	 	 	-2.486
207	 	-5	 	5	 	1.571	 	3	 	1	 	 	-2.442
208	 	-5	 	5	 	3.142	 	0	 	1	 	 	-2.997
209	 	-5	 	5	 	3.142	 	1	 	1	 	 	0.04628
210	 	-5	 	5	 	3.142	 	2	 	1	 	 	-2.273
211	 	-5	 	5	 	3.142	 	3	 	1	 	 	-2.257
212	 	-5	 	5	 	4.712	 	0	 	0	 	 	-0.5058
213	 	-5	 	5	 	4.712	 	1	 	0	 	 	-4.266
214	 	-5	 	5	 	4.712	 	2	 	0	 	 	-3.95
215	 	-5	 	5	 	4.712	 	3	 	0	 	 	-3.616
216	 	-5	 	5	 	6.283	 	0	 	0	 	 	-2.274
217	 	-5	 	5	 	6.283	 	1	 	0	 	 	-4.494
218	 	-5	 	5	 	6.283	 	2	 	0	 	 	-3.769
219	 	-5	 	5	 	6.283	 	3	 	0	 	 	-4.169
220	 	-4	 	-5	 	0	 	0	 	0	 	 	-1.006
221	 	-4	 	-5	 	0	 	1	 	0	 	 	-2.61
222	 	-4	 	-5	 	0	 	2	 	0	 	 	-2.997
223	 	-4	 	-5	 	0	 	3	 	0	 	 	-2.546
224	 	-4	 	-5	 	1.571	 	0	 	0	 	 	-0.8543
225	 	-4	 	-5	 	1.571	 	1	 	0	 	 	-2.997
226	 	-4	 	-5	 	1.571	 	2	 	0	 	 	-2.349
227	 	-4	 	-5	 	1.571	 	3	 	0	 	 	-2.373
228	 	-4	 	-5	 	3.142	 	0	 	1	 	 	-2.317
229	 	-4	 	-5	 	3.142	 	1	 	1	 	 	0.5844
230	 	-4	 	-5	 	3.142	 	2	 	1	 	 	-2.343
231	 	-4	 	-5	 	3.142	 	3	 	1	 	 	-2.451
232	 	-4	 	-5	 	4.712	 	0	 	1	 	 	-4.99
233	 	-4	 	-5	 	4.712	 	1	 	1	 	 	-2.05
234	 	-4	 	-5	 	4.712	 	2	 	1	 	 	-4.614
235	 	-4	 	-5	 	4.712	 	3	 	1	 	 	-4.451
236	 	-4	 	-5	 	6.283	 	0	 	0	 	 	2
237	 	-4	 	-5	 	6.283	 	1	 	0	 	 	-4.42
238	 	-4	 	-5	 	6.283	 	2	 	0	 	 	-4.369
239	 	-4	 	-5	 	6.283	 	3	 	0	 	 	-4.78
240	 	-4	 	-4	 	0	 	0	 	0	 	 	0.7262
241	 	-4	 	-4	 	0	 	1	 	0	 	 	-2.407
242	 	-4	 	-4	 	0	 	2	 	0	 	 	-2.997
243	 	-4	 	-4	 	0	 	3	 	0	 	 	-2.376
244	 	-4	 	-4	 	1.571	 	0	 	3	 	 	-2.055
245	 	-4	 	-4	 	1.571	 	1	 	3	 	 	-2.063
246	 	-4	 	-4	 	1.571	 	2	 	3	 	 	-2.139
247	 	-4	 	-4	 	1.571	 	3	 	3	 	 	4.633
248	 	-4	 	-4	 	3.142	 	0	 	1	 	 	-1.766
249	 	-4	 	-4	 	3.142	 	1	 	1	 	 	9.496
250	 	-4	 	-4	 	3.142	 	2	 	1	 	 	-1.737
251	 	-4	 	-4	 	3.142	 	3	 	1	 	 	-1.88
252	 	-4	 	-4	 	4.712	 	0	 	1	 	 	-3.979
253	 	-4	 	-4	 	4.712	 	1	 	1	 	 	2.84
254	 	-4	 	-4	 	4.712	 	2	 	1	 	 	-4.176
255	 	-4	 	-4	 	4.712	 	3	 	1	 	 	-3.94
256	 	-4	 	-4	 	6.283	 	0	 	0	 	 	0.4586
257	 	-4	 	-4	 	6.283	 	1	 	0	 	 	-3.92
258	 	-4	 	-4	 	6.283	 	2	 	0	 	 	-3.97
259	 	-4	 	-4	 	6.283	 	3	 	0	 	 	-4.884
260	 	-4	 	-3	 	0	 	0	 	3	 	 	-1.994
261	 	-4	 	-3	 	0	 	1	 	3	 	 	-2.026
262	 	-4	 	-3	 	0	 	2	 	3	 	 	-1.999
263	 	-4	 	-3	 	0	 	3	 	3	 	 	1.004
264	 	-4	 	-3	 	1.571	 	0	 	3	 	 	-1.809
265	 	-4	 	-3	 	1.571	 	1	 	3	 	 	-1.879
266	 	-4	 	-3	 	1.571	 	2	 	3	 	 	-1.792
267	 	-4	 	-3	 	1.571	 	3	 	3	 	 	5.55
268	 	-4	 	-3	 	3.142	 	0	 	1	 	 	-1.523
269	 	-4	 	-3	 	3.142	 	1	 	1	 	 	9.523
270	 	-4	 	-3	 	3.142	 	2	 	1	 	 	-1.441
271	 	-4	 	-3	 	3.142	 	3	 	1	 	 	-1.54
272	 	-4	 	-3	 	4.712	 	0	 	1	 	 	-3.555
273	 	-4	 	-3	 	4.712	 	1	 	1	 	 	8.289
274	 	-4	 	-3	 	4.712	 	2	 	1	 	 	-3.507
275	 	-4	 	-3	 	4.712	 	3	 	1	 	 	-3.471
276	 	-4	 	-3	 	6.283	 	0	 	0	 	 	6.084
277	 	-4	 	-3	 	6.283	 	1	 	0	 	 	-3.303
278	 	-4	 	-3	 	6.283	 	2	 	0	 	 	-3.334
279	 	-4	 	-3	 	6.283	 	3	 	0	 	 	-3.788
280	 	-4	 	-2	 	0	 	0	 	0	 	 	1.873
281	 	-4	 	-2	 	0	 	1	 	0	 	 	-1.964
282	 	-4	 	-2	 	0	 	2	 	0	 	 	-1.999
283	 	-4	 	-2	 	0	 	3	 	0	 	 	-1.927
284	 	-4	 	-2	 	1.571	 	0	 	0	 	 	2.755
285	 	-4	 	-2	 	1.571	 	1	 	0	 	 	-1.711
286	 	-4	 	-2	 	1.571	 	2	 	0	 	 	-1.681
287	 	-4	 	-2	 	1.571	 	3	 	0	 	 	-1.599
288	 	-4	 	-2	 	3.142	 	0	 	1	 	 	-1.563
289	 	-4	 	-2	 	3.142	 	1	 	1	 	 	4.427
290	 	-4	 	-2	 	3.142	 	2	 	1	 	 	-1.569
291	 	-4	 	-2	 	3.142	 	3	 	1	 	 	-1.464
292	 	-4	 	-2	 	4.712	 	0	 	1	 	 	-2.942
293	 	-4	 	-2	 	4.712	 	1	 	1	 	 	12.95
294	 	-4	 	-2	 	4.712	 	2	 	1	 	 	-3.803
295	 	-4	 	-2	 	4.712	 	3	 	1	 	 	-2.938
296	 	-4	 	-2	 	6.283	 	0	 	2	 	 	-2.918
297	 	-4	 	-2	 	6.283	 	1	 	2	 	 	-3.018
298	 	-4	 	-2	 	6.283	 	2	 	2	 	 	5.336
299	 	-4	 	-2	 	6.283	 	3	 	2	 	 	-3.815
300	 	-4	 	-1	 	0	 	0	 	3	 	 	-1.437
301	 	-4	 	-1	 	0	 	1	 	3	 	 	-1.521
302	 	-4	 	-1	 	0	 	2	 	3	 	 	-1.999
303	 	-4	 	-1	 	0	 	3	 	3	 	 	5.899
304	 	-4	 	-1	 	1.571	 	0	 	3	 	 	-1.147
305	 	-4	 	-1	 	1.571	 	1	 	3	 	 	-1.168
306	 	-4	 	-1	 	1.571	 	2	 	3	 	 	-1.231
307	 	-4	 	-1	 	1.571	 	3	 	3	 	 	10.89
308	 	-4	 	-1	 	3.142	 	0	 	1	 	 	-0.8464
309	 	-4	 	-1	 	3.142	 	1	 	1	 	 	15.11
310	 	-4	 	-1	 	3.142	 	2	 	1	 	 	-0.9031
311	 	-4	 	-1	 	3.142	 	3	 	1	 	 	-0.9004
312	 	-4	 	-1	 	4.712	 	0	 	1	 	 	-2.481
313	 	-4	 	-1	 	4.712	 	1	 	1	 	 	16.3
314	 	-4	 	-1	 	4.712	 	2	 	1	 	 	-5.804
315	 	-4	 	-1	 	4.712	 	3	 	1	 	 	-2.46
316	 	-4	 	-1	 	6.283	 	0	 	2	 	 	-2.404
317	 	-4	 	-1	 	6.283	 	1	 	2	 	 	-2.502
318	 	-4	 	-1	 	6.283	 	2	 	2	 	 	9.092
319	 	-4	 	-1	 	6.283	 	3	 	2	 	 	-2.775
320	 	-4	 	0	 	0	 	0	 	3	 	 	-1.145
321	 	-4	 	0	 	0	 	1	 	3	 	 	-1.181
322	 	-4	 	0	 	0	 	2	 	3	 	 	-1.999
323	 	-4	 	0	 	0	 	3	 	3	 	 	3.818
324	 	-4	 	0	 	1.571	 	0	 	3	 	 	-0.8549
325	 	-4	 	0	 	1.571	 	1	 	3	 	 	-0.8209
326	 	-4	 	0	 	1.571	 	2	 	3	 	 	-0.8482
327	 	-4	 	0	 	1.571	 	3	 	3	 	 	10.98
328	 	-4	 	0	 	3.142	 	0	 	3	 	 	-0.5892
329	 	-4	 	0	 	3.142	 	1	 	3	 	 	-0.5587
330	 	-4	 	0	 	3.142	 	2	 	3	 	 	-0.5566
331	 	-4	 	0	 	3.142	 	3	 	3	 	 	16.87
332	 	-4	 	0	 	4.712	 	0	 	1	 	 	-1.992
333	 	-4	 	0	 	4.712	 	1	 	1	 	 	19.5
334	 	-4	 	0	 	4.712	 	2	 	1	 	 	-5.791
335	 	-4	 	0	 	4.712	 	3	 	1	 	 	-1.886
336	 	-4	 	0	 	6.283	 	0	 	2	 	 	-1.951
337	 	-4	 	0	 	6.283	 	1	 	2	 	 	-2.028
338	 	-4	 	0	 	6.283	 	2	 	2	 	 	12.12
339	 	-4	 	0	 	6.283	 	3	 	2	 	 	-4.216
340	 	-4	 	1	 	0	 	0	 	3	 	 	-0.7994
341	 	-4	 	1	 	0	 	1	 	3	 	 	-0.8505
342	 	-4	 	1	 	0	 	2	 	3	 	 	-1
343	 	-4	 	1	 	0	 	3	 	3	 	 	7.101
344	 	-4	 	1	 	1.571	 	0	 	3	 	 	-0.7354
345	 	-4	 	1	 	1.571	 	1	 	3	 	 	-0.7068
346	 	-4	 	1	 	1.571	 	2	 	3	 	 	-0.706
347	 	-4	 	1	 	1.571	 	3	 	3	 	 	14.08
348	 	-4	 	1	 	3.142	 	0	 	3	 	 	-0.5064
349	 	-4	 	1	 	3.142	 	1	 	3	 	 	-0.4276
350	 	-4	 	1	 	3.142	 	2	 	3	 	 	-0.4349
351	 	-4	 	1	 	3.142	 	3	 	3	 	 	18.9
352	 	-4	 	1	 	4.712	 	0	 	3	 	 	-1.533
353	 	-4	 	1	 	4.712	 	1	 	3	 	 	-1.515
354	 	-4	 	1	 	4.712	 	2	 	3	 	 	-5.449
355	 	-4	 	1	 	4.712	 	3	 	3	 	 	20.97
356	 	-4	 	1	 	6.283	 	0	 	0	 	 	22.2
357	 	-4	 	1	 	6.283	 	1	 	0	 	 	-1.148
358	 	-4	 	1	 	6.283	 	2	 	0	 	 	-1.146
359	 	-4	 	1	 	6.283	 	3	 	0	 	 	-4.216
360	 	-4	 	2	 	0	 	0	 	0	 	 	0.9824
361	 	-4	 	2	 	0	 	1	 	0	 	 	-1.27
362	 	-4	 	2	 	0	 	2	 	0	 	 	-1.999
363	 	-4	 	2	 	0	 	3	 	0	 	 	-1.275
364	 	-4	 	2	 	1.571	 	0	 	3	 	 	-1.027
365	 	-4	 	2	 	1.571	 	1	 	3	 	 	-0.9237
366	 	-4	 	2	 	1.571	 	2	 	3	 	 	-0.9494
367	 	-4	 	2	 	1.571	 	3	 	3	 	 	3.301
368	 	-4	 	2	 	3.142	 	0	 	3	 	 	-0.7377
369	 	-4	 	2	 	3.142	 	1	 	3	 	 	-0.6664
370	 	-4	 	2	 	3.142	 	2	 	3	 	 	-0.772
371	 	-4	 	2	 	3.142	 	3	 	3	 	 	13.52
372	 	-4	 	2	 	4.712	 	0	 	0	 	 	19.67
373	 	-4	 	2	 	4.712	 	1	 	0	 	 	-1.833
374	 	-4	 	2	 	4.712	 	2	 	0	 	 	-4.78
375	 	-4	 	2	 	4.712	 	3	 	0	 	 	-1.79
376	 	-4	 	2	 	6.283	 	0	 	0	 	 	2.499
377	 	-4	 	2	 	6.283	 	1	 	0	 	 	-1.91
378	 	-4	 	2	 	6.283	 	2	 	0	 	 	-1.826
379	 	-4	 	2	 	6.283	 	3	 	0	 	 	-5.881
380	 	-4	 	3	 	0	 	0	 	3	 	 	-1.517
381	 	-4	 	3	 	0	 	1	 	3	 	 	-1.459
382	 	-4	 	3	 	0	 	2	 	3	 	 	-1.999
383	 	-4	 	3	 	0	 	3	 	3	 	 	3.978
384	 	-4	 	3	 	1.571	 	0	 	3	 	 	-1.178
385	 	-4	 	3	 	1.571	 	1	 	3	 	 	-1.118
386	 	-4	 	3	 	1.571	 	2	 	3	 	 	-1.146
387	 	-4	 	3	 	1.571	 	3	 	3	 	 	13.36
388	 	-4	 	3	 	3.142	 	0	 	3	 	 	-0.8335
389	 	-4	 	3	 	3.142	 	1	 	3	 	 	-0.8373
390	 	-4	 	3	 	3.142	 	2	 	3	 	 	-0.877
391	 	-4	 	3	 	3.142	 	3	 	3	 	 	16.22
392	 	-4	 	3	 	4.712	 	0	 	0	 	 	18.21
393	 	-4	 	3	 	4.712	 	1	 	0	 	 	-2.224
394	 	-4	 	3	 	4.712	 	2	 	0	 	 	-3.565
395	 	-4	 	3	 	4.712	 	3	 	0	 	 	-2.182
396	 	-4	 	3	 	6.283	 	0	 	2	 	 	-2.216
397	 	-4	 	3	 	6.283	 	1	 	2	 	 	-2.235
398	 	-4	 	3	 	6.283	 	2	 	2	 	 	8.687
399	 	-4	 	3	 	6.283	 	3	 	2	 	 	-4.221
400	 	-4	 	4	 	0	 	0	 	3	 	 	-1.806
401	 	-4	 	4	 	0	 	1	 	3	 	 	-1.824
402	 	-4	 	4	 	0	 	2	 	3	 	 	-1.999
403	 	-4	 	4	 	0	 	3	 	3	 	 	4.196
404	 	-4	 	4	 	1.571	 	0	 	1	 	 	-1.563
405	 	-4	 	4	 	1.571	 	1	 	1	 	 	10.46
406	 	-4	 	4	 	1.571	 	2	 	1	 	 	-1.518
407	 	-4	 	4	 	1.571	 	3	 	1	 	 	-1.498
408	 	-4	 	4	 	3.142	 	0	 	3	 	 	-1.372
409	 	-4	 	4	 	3.142	 	1	 	3	 	 	-1.304
410	 	-4	 	4	 	3.142	 	2	 	3	 	 	-1.323
411	 	-4	 	4	 	3.142	 	3	 	3	 	 	8.987
412	 	-4	 	4	 	4.712	 	0	 	0	 	 	15.54
413	 	-4	 	4	 	4.712	 	1	 	0	 	 	-2.731
414	 	-4	 	4	 	4.712	 	2	 	0	 	 	-6.296
415	 	-4	 	4	 	4.712	 	3	 	0	 	 	-2.705
416	 	-4	 	4	 	6.283	 	0	 	2	 	 	-2.757
417	 	-4	 	4	 	6.283	 	1	 	2	 	 	-2.786
418	 	-4	 	4	 	6.283	 	2	 	2	 	 	9.881
419	 	-4	 	4	 	6.283	 	3	 	2	 	 	-4.878
420	 	-4	 	5	 	0	 	0	 	3	 	 	-2.321
421	 	-4	 	5	 	0	 	1	 	3	 	 	-2.338
422	 	-4	 	5	 	0	 	2	 	3	 	 	-2.997
423	 	-4	 	5	 	0	 	3	 	3	 	 	-0.3007
424	 	-4	 	5	 	1.571	 	0	 	1	 	 	-1.999
425	 	-4	 	5	 	1.571	 	1	 	1	 	 	5.876
426	 	-4	 	5	 	1.571	 	2	 	1	 	 	-1.865
427	 	-4	 	5	 	1.571	 	3	 	1	 	 	-1.866
428	 	-4	 	5	 	3.142	 	0	 	1	 	 	-1.931
429	 	-4	 	5	 	3.142	 	1	 	1	 	 	6.104
430	 	-4	 	5	 	3.142	 	2	 	1	 	 	-1.83
431	 	-4	 	5	 	3.142	 	3	 	1	 	 	-1.834
432	 	-4	 	5	 	4.712	 	0	 	0	 	 	10.44
433	 	-4	 	5	 	4.712	 	1	 	0	 	 	-5.429
434	 	-4	 	5	 	4.712	 	2	 	0	 	 	-3.836
435	 	-4	 	5	 	4.712	 	3	 	0	 	 	-3.076
436	 	-4	 	5	 	6.283	 	0	 	2	 	 	-3.269
437	 	-4	 	5	 	6.283	 	1	 	2	 	 	-3.323
438	 	-4	 	5	 	6.283	 	2	 	2	 	 	3.828
439	 	-4	 	5	 	6.283	 	3	 	2	 	 	-4.376
440	 	-3	 	-5	 	0	 	0	 	3	 	 	-2.115
441	 	-3	 	-5	 	0	 	1	 	3	 	 	-2.173
442	 	-3	 	-5	 	0	 	2	 	3	 	 	-2.997
443	 	-3	 	-5	 	0	 	3	 	3	 	 	3.498
444	 	-3	 	-5	 	1.571	 	0	 	0	 	 	7.326
445	 	-3	 	-5	 	1.571	 	1	 	0	 	 	-1.999
446	 	-3	 	-5	 	1.571	 	2	 	0	 	 	-1.847
447	 	-3	 	-5	 	1.571	 	3	 	0	 	 	-1.848
448	 	-3	 	-5	 	3.142	 	0	 	1	 	 	-1.915
449	 	-3	 	-5	 	3.142	 	1	 	1	 	 	5.07
450	 	-3	 	-5	 	3.142	 	2	 	1	 	 	-1.825
451	 	-3	 	-5	 	3.142	 	3	 	1	 	 	-1.874
452	 	-3	 	-5	 	4.712	 	0	 	1	 	 	-4.122
453	 	-3	 	-5	 	4.712	 	1	 	1	 	 	-1.583
454	 	-3	 	-5	 	4.712	 	2	 	1	 	 	-4.789
455	 	-3	 	-5	 	4.712	 	3	 	1	 	 	-3.9
456	 	-3	 	-5	 	6.283	 	0	 	0	 	 	5.827
457	 	-3	 	-5	 	6.283	 	1	 	0	 	 	-3.821
458	 	-3	 	-5	 	6.283	 	2	 	0	 	 	-3.804
459	 	-3	 	-5	 	6.283	 	3	 	0	 	 	-5.325
460	 	-3	 	-4	 	0	 	0	 	3	 	 	-1.906
461	 	-3	 	-4	 	0	 	1	 	3	 	 	-1.94
462	 	-3	 	-4	 	0	 	2	 	3	 	 	-1.91
463	 	-3	 	-4	 	0	 	3	 	3	 	 	5.589
464	 	-3	 	-4	 	1.571	 	0	 	3	 	 	-1.586
465	 	-3	 	-4	 	1.571	 	1	 	3	 	 	-1.662
466	 	-3	 	-4	 	1.571	 	2	 	3	 	 	-1.689
467	 	-3	 	-4	 	1.571	 	3	 	3	 	 	10.1
468	 	-3	 	-4	 	3.142	 	0	 	1	 	 	-1.299
469	 	-3	 	-4	 	3.142	 	1	 	1	 	 	11.89
470	 	-3	 	-4	 	3.142	 	2	 	1	 	 	-1.38
471	 	-3	 	-4	 	3.142	 	3	 	1	 	 	-1.414
472	 	-3	 	-4	 	4.712	 	0	 	1	 	 	-3.429
473	 	-3	 	-4	 	4.712	 	1	 	1	 	 	4.003
474	 	-3	 	-4	 	4.712	 	2	 	1	 	 	-3.485
475	 	-3	 	-4	 	4.712	 	3	 	1	 	 	-3.45
476	 	-3	 	-4	 	6.283	 	0	 	0	 	 	5.004
477	 	-3	 	-4	 	6.283	 	1	 	0	 	 	-3.444
478	 	-3	 	-4	 	6.283	 	2	 	0	 	 	-3.427
479	 	-3	 	-4	 	6.283	 	3	 	0	 	 	-4.148
480	 	-3	 	-3	 	0	 	0	 	3	 	 	-1.661
481	 	-3	 	-3	 	0	 	1	 	3	 	 	-1.664
482	 	-3	 	-3	 	0	 	2	 	3	 	 	-1.999
483	 	-3	 	-3	 	0	 	3	 	3	 	 	0.7738
484	 	-3	 	-3	 	1.571	 	0	 	3	 	 	-1.423
485	 	-3	 	-3	 	1.571	 	1	 	3	 	 	-1.448
486	 	-3	 	-3	 	1.571	 	2	 	3	 	 	-1.396
487	 	-3	 	-3	 	1.571	 	3	 	3	 	 	6.108
488	 	-3	 	-3	 	3.142	 	0	 	1	 	 	-1.136
489	 	-3	 	-3	 	3.142	 	1	 	1	 	 	11.97
490	 	-3	 	-3	 	3.142	 	2	 	1	 	 	-1.094
491	 	-3	 	-3	 	3.142	 	3	 	1	 	 	-1.125
492	 	-3	 	-3	 	4.712	 	0	 	1	 	 	-2.882
493	 	-3	 	-3	 	4.712	 	1	 	1	 	 	10.34
494	 	-3	 	-3	 	4.712	 	2	 	1	 	 	-3.577
495	 	-3	 	-3	 	4.712	 	3	 	1	 	 	-2.866
496	 	-3	 	-3	 	6.283	 	0	 	0	 	 	9.991
497	 	-3	 	-3	 	6.283	 	1	 	0	 	 	-2.769
498	 	-3	 	-3	 	6.283	 	2	 	0	 	 	-2.778
499	 	-3	 	-3	 	6.283	 	3	 	0	 	 	-2.869
500	 	-3	 	-2	 	0	 	0	 	3	 	 	-1.571
501	 	-3	 	-2	 	0	 	1	 	3	 	 	-1.557
502	 	-3	 	-2	 	0	 	2	 	3	 	 	-1.999
503	 	-3	 	-2	 	0	 	3	 	3	 	 	6.355
504	 	-3	 	-2	 	1.571	 	0	 	0	 	 	11.17
505	 	-3	 	-2	 	1.571	 	1	 	0	 	 	-1.178
506	 	-3	 	-2	 	1.571	 	2	 	0	 	 	-1.144
507	 	-3	 	-2	 	1.571	 	3	 	0	 	 	-1.221
508	 	-3	 	-2	 	3.142	 	0	 	3	 	 	-1.065
509	 	-3	 	-2	 	3.142	 	1	 	3	 	 	-1.017
510	 	-3	 	-2	 	3.142	 	2	 	3	 	 	-1.113
511	 	-3	 	-2	 	3.142	 	3	 	3	 	 	11
512	 	-3	 	-2	 	4.712	 	0	 	1	 	 	-2.38
513	 	-3	 	-2	 	4.712	 	1	 	1	 	 	16.47
514	 	-3	 	-2	 	4.712	 	2	 	1	 	 	-3.569
515	 	-3	 	-2	 	4.712	 	3	 	1	 	 	-2.405
516	 	-3	 	-2	 	6.283	 	0	 	0	 	 	4.938
517	 	-3	 	-2	 	6.283	 	1	 	0	 	 	-2.506
518	 	-3	 	-2	 	6.283	 	2	 	0	 	 	-2.482
519	 	-3	 	-2	 	6.283	 	3	 	0	 	 	-4.161
520	 	-3	 	-1	 	0	 	0	 	3	 	 	-1.121
521	 	-3	 	-1	 	0	 	1	 	3	 	 	-1.162
522	 	-3	 	-1	 	0	 	2	 	3	 	 	-1.999
523	 	-3	 	-1	 	0	 	3	 	3	 	 	9.338
524	 	-3	 	-1	 	1.571	 	0	 	3	 	 	-0.8874
525	 	-3	 	-1	 	1.571	 	1	 	3	 	 	-0.8388
526	 	-3	 	-1	 	1.571	 	2	 	3	 	 	-0.8251
527	 	-3	 	-1	 	1.571	 	3	 	3	 	 	15.48
528	 	-3	 	-1	 	3.142	 	0	 	3	 	 	-0.719
529	 	-3	 	-1	 	3.142	 	1	 	3	 	 	-0.6654
530	 	-3	 	-1	 	3.142	 	2	 	3	 	 	-0.6619
531	 	-3	 	-1	 	3.142	 	3	 	3	 	 	17.98
532	 	-3	 	-1	 	4.712	 	0	 	1	 	 	-1.885
533	 	-3	 	-1	 	4.712	 	1	 	1	 	 	19.64
534	 	-3	 	-1	 	4.712	 	2	 	1	 	 	-1.948
535	 	-3	 	-1	 	4.712	 	3	 	1	 	 	-1.898
536	 	-3	 	-1	 	6.283	 	0	 	2	 	 	-1.991
537	 	-3	 	-1	 	6.283	 	1	 	2	 	 	-2.086
538	 	-3	 	-1	 	6.283	 	2	 	2	 	 	8.445
539	 	-3	 	-1	 	6.283	 	3	 	2	 	 	-4.246
540	 	-3	 	0	 	0	 	0	 	3	 	 	-0.8978
541	 	-3	 	0	 	0	 	1	 	3	 	 	-0.9926
542	 	-3	 	0	 	0	 	2	 	3	 	 	-1
543	 	-3	 	0	 	0	 	3	 	3	 	 	1.204
544	 	-3	 	0	 	1.571	 	0	 	3	 	 	-0.6609
545	 	-3	 	0	 	1.571	 	1	 	3	 	 	-0.6284
546	 	-3	 	0	 	1.571	 	2	 	3	 	 	-0.6249
547	 	-3	 	0	 	1.571	 	3	 	3	 	 	8.22
548	 	-3	 	0	 	3.142	 	0	 	3	 	 	-0.4045
549	 	-3	 	0	 	3.142	 	1	 	3	 	 	-0.387
550	 	-3	 	0	 	3.142	 	2	 	3	 	 	-0.4338
551	 	-3	 	0	 	3.142	 	3	 	3	 	 	16.58
552	 	-3	 	0	 	4.712	 	0	 	1	 	 	-1.451
553	 	-3	 	0	 	4.712	 	1	 	1	 	 	20.95
554	 	-3	 	0	 	4.712	 	2	 	1	 	 	-2.746
555	 	-3	 	0	 	4.712	 	3	 	1	 	 	-1.478
556	 	-3	 	0	 	6.283	 	0	 	0	 	 	3.156
557	 	-3	 	0	 	6.283	 	1	 	0	 	 	-1.555
558	 	-3	 	0	 	6.283	 	2	 	0	 	 	-1.468
559	 	-3	 	0	 	6.283	 	3	 	0	 	 	-3.515
560	 	-3	 	1	 	0	 	0	 	0	 	 	3.398
561	 	-3	 	1	 	0	 	1	 	0	 	 	-0.6768
562	 	-3	 	1	 	0	 	2	 	0	 	 	-1
563	 	-3	 	1	 	0	 	3	 	0	 	 	-0.5882
564	 	-3	 	1	 	1.571	 	0	 	3	 	 	-0.5001
565	 	-3	 	1	 	1.571	 	1	 	3	 	 	-0.5104
566	 	-3	 	1	 	1.571	 	2	 	3	 	 	-0.5107
567	 	-3	 	1	 	1.571	 	3	 	3	 	 	8.316
568	 	-3	 	1	 	3.142	 	0	 	3	 	 	-0.3023
569	 	-3	 	1	 	3.142	 	1	 	3	 	 	-0.2917
570	 	-3	 	1	 	3.142	 	2	 	3	 	 	-0.2187
571	 	-3	 	1	 	3.142	 	3	 	3	 	 	16.87
572	 	-3	 	1	 	4.712	 	0	 	3	 	 	-1.072
573	 	-3	 	1	 	4.712	 	1	 	3	 	 	-1.06
574	 	-3	 	1	 	4.712	 	2	 	3	 	 	-1.999
575	 	-3	 	1	 	4.712	 	3	 	3	 	 	22.2
576	 	-3	 	1	 	6.283	 	0	 	0	 	 	23.43
577	 	-3	 	1	 	6.283	 	1	 	0	 	 	-0.8008
578	 	-3	 	1	 	6.283	 	2	 	0	 	 	-0.7414
579	 	-3	 	1	 	6.283	 	3	 	0	 	 	-4.203
580	 	-3	 	2	 	0	 	0	 	3	 	 	-0.9555
581	 	-3	 	2	 	0	 	1	 	3	 	 	-1.046
582	 	-3	 	2	 	0	 	2	 	3	 	 	-1
583	 	-3	 	2	 	0	 	3	 	3	 	 	6.042
584	 	-3	 	2	 	1.571	 	0	 	3	 	 	-0.6193
585	 	-3	 	2	 	1.571	 	1	 	3	 	 	-0.6366
586	 	-3	 	2	 	1.571	 	2	 	3	 	 	-0.6521
587	 	-3	 	2	 	1.571	 	3	 	3	 	 	11.03
588	 	-3	 	2	 	3.142	 	0	 	1	 	 	-0.4925
589	 	-3	 	2	 	3.142	 	1	 	1	 	 	15.15
590	 	-3	 	2	 	3.142	 	2	 	1	 	 	-0.4342
591	 	-3	 	2	 	3.142	 	3	 	1	 	 	-0.4143
592	 	-3	 	2	 	4.712	 	0	 	0	 	 	20.66
593	 	-3	 	2	 	4.712	 	1	 	0	 	 	-1.414
594	 	-3	 	2	 	4.712	 	2	 	0	 	 	-4.199
595	 	-3	 	2	 	4.712	 	3	 	0	 	 	-1.372
596	 	-3	 	2	 	6.283	 	0	 	2	 	 	-1.519
597	 	-3	 	2	 	6.283	 	1	 	2	 	 	-1.528
598	 	-3	 	2	 	6.283	 	2	 	2	 	 	12.35
599	 	-3	 	2	 	6.283	 	3	 	2	 	 	-1.931
600	 	-3	 	3	 	0	 	0	 	3	 	 	-1.217
601	 	-3	 	3	 	0	 	1	 	3	 	 	-1.279
602	 	-3	 	3	 	0	 	2	 	3	 	 	-1.999
603	 	-3	 	3	 	0	 	3	 	3	 	 	3.573
604	 	-3	 	3	 	1.571	 	0	 	3	 	 	-1.053
605	 	-3	 	3	 	1.571	 	1	 	3	 	 	-0.998
606	 	-3	 	3	 	1.571	 	2	 	3	 	 	-1.052
607	 	-3	 	3	 	1.571	 	3	 	3	 	 	10.48
608	 	-3	 	3	 	3.142	 	0	 	3	 	 	-0.7106
609	 	-3	 	3	 	3.142	 	1	 	3	 	 	-0.6673
610	 	-3	 	3	 	3.142	 	2	 	3	 	 	-0.6449
611	 	-3	 	3	 	3.142	 	3	 	3	 	 	14.3
612	 	-3	 	3	 	4.712	 	0	 	0	 	 	18.58
613	 	-3	 	3	 	4.712	 	1	 	0	 	 	-1.868
614	 	-3	 	3	 	4.712	 	2	 	0	 	 	-2.809
615	 	-3	 	3	 	4.712	 	3	 	0	 	 	-1.755
616	 	-3	 	3	 	6.283	 	0	 	2	 	 	-1.837
617	 	-3	 	3	 	6.283	 	1	 	2	 	 	-1.927
618	 	-3	 	3	 	6.283	 	2	 	2	 	 	6.504
619	 	-3	 	3	 	6.283	 	3	 	2	 	 	-2.826
620	 	-3	 	4	 	0	 	0	 	3	 	 	-1.703
621	 	-3	 	4	 	0	 	1	 	3	 	 	-1.777
622	 	-3	 	4	 	0	 	2	 	3	 	 	-1.9
623	 	-3	 	4	 	0	 	3	 	3	 	 	0.1322
624	 	-3	 	4	 	1.571	 	0	 	1	 	 	-1.403
625	 	-3	 	4	 	1.571	 	1	 	1	 	 	5.258
626	 	-3	 	4	 	1.571	 	2	 	1	 	 	-1.461
627	 	-3	 	4	 	1.571	 	3	 	1	 	 	-1.424
628	 	-3	 	4	 	3.142	 	0	 	3	 	 	-1.135
629	 	-3	 	4	 	3.142	 	1	 	3	 	 	-1.155
630	 	-3	 	4	 	3.142	 	2	 	3	 	 	-1.183
631	 	-3	 	4	 	3.142	 	3	 	3	 	 	5.46
632	 	-3	 	4	 	4.712	 	0	 	0	 	 	15.08
633	 	-3	 	4	 	4.712	 	1	 	0	 	 	-2.248
634	 	-3	 	4	 	4.712	 	2	 	0	 	 	-5.398
635	 	-3	 	4	 	4.712	 	3	 	0	 	 	-2.226
636	 	-3	 	4	 	6.283	 	0	 	2	 	 	-2.365
637	 	-3	 	4	 	6.283	 	1	 	2	 	 	-2.378
638	 	-3	 	4	 	6.283	 	2	 	2	 	 	5.141
639	 	-3	 	4	 	6.283	 	3	 	2	 	 	-2.795
640	 	-3	 	5	 	0	 	0	 	0	 	 	-0.3402
641	 	-3	 	5	 	0	 	1	 	0	 	 	-2.185
642	 	-3	 	5	 	0	 	2	 	0	 	 	-2.997
643	 	-3	 	5	 	0	 	3	 	0	 	 	-2.085
644	 	-3	 	5	 	1.571	 	0	 	3	 	 	-2.71
645	 	-3	 	5	 	1.571	 	1	 	3	 	 	-1.734
646	 	-3	 	5	 	1.571	 	2	 	3	 	 	-1.809
647	 	-3	 	5	 	1.571	 	3	 	3	 	 	2.47
648	 	-3	 	5	 	3.142	 	0	 	1	 	 	-1.531
649	 	-3	 	5	 	3.142	 	1	 	1	 	 	10.62
650	 	-3	 	5	 	3.142	 	2	 	1	 	 	-1.494
651	 	-3	 	5	 	3.142	 	3	 	1	 	 	-1.537
652	 	-3	 	5	 	4.712	 	0	 	0	 	 	9.14
653	 	-3	 	5	 	4.712	 	1	 	0	 	 	-3.525
654	 	-3	 	5	 	4.712	 	2	 	0	 	 	-2.811
655	 	-3	 	5	 	4.712	 	3	 	0	 	 	-2.642
656	 	-3	 	5	 	6.283	 	0	 	2	 	 	-2.831
657	 	-3	 	5	 	6.283	 	1	 	2	 	 	-2.842
658	 	-3	 	5	 	6.283	 	2	 	2	 	 	1.788
659	 	-3	 	5	 	6.283	 	3	 	2	 	 	-4.216
660	 	-2	 	-5	 	0	 	0	 	3	 	 	-1.8
661	 	-2	 	-5	 	0	 	1	 	3	 	 	-1.836
662	 	-2	 	-5	 	0	 	2	 	3	 	 	-1.999
663	 	-2	 	-5	 	0	 	3	 	3	 	 	-0.4691
664	 	-2	 	-5	 	1.571	 	0	 	0	 	 	4.172
665	 	-2	 	-5	 	1.571	 	1	 	0	 	 	-1.999
666	 	-2	 	-5	 	1.571	 	2	 	0	 	 	-1.554
667	 	-2	 	-5	 	1.571	 	3	 	0	 	 	-1.525
668	 	-2	 	-5	 	3.142	 	0	 	1	 	 	-1.404
669	 	-2	 	-5	 	3.142	 	1	 	1	 	 	8.61
670	 	-2	 	-5	 	3.142	 	2	 	1	 	 	-1.314
671	 	-2	 	-5	 	3.142	 	3	 	1	 	 	-1.518
672	 	-2	 	-5	 	4.712	 	0	 	1	 	 	-4.73
673	 	-2	 	-5	 	4.712	 	1	 	1	 	 	-0.4353
674	 	-2	 	-5	 	4.712	 	2	 	1	 	 	-3.835
675	 	-2	 	-5	 	4.712	 	3	 	1	 	 	-3.472
676	 	-2	 	-5	 	6.283	 	0	 	0	 	 	9.236
677	 	-2	 	-5	 	6.283	 	1	 	0	 	 	-3.352
678	 	-2	 	-5	 	6.283	 	2	 	0	 	 	-3.324
679	 	-2	 	-5	 	6.283	 	3	 	0	 	 	-6.268
680	 	-2	 	-4	 	0	 	0	 	3	 	 	-1.51
681	 	-2	 	-4	 	0	 	1	 	3	 	 	-1.608
682	 	-2	 	-4	 	0	 	2	 	3	 	 	-1.999
683	 	-2	 	-4	 	0	 	3	 	3	 	 	2.668
684	 	-2	 	-4	 	1.571	 	0	 	3	 	 	-1.25
685	 	-2	 	-4	 	1.571	 	1	 	3	 	 	-1.297
686	 	-2	 	-4	 	1.571	 	2	 	3	 	 	-1.277
687	 	-2	 	-4	 	1.571	 	3	 	3	 	 	9.676
688	 	-2	 	-4	 	3.142	 	0	 	1	 	 	-0.9352
689	 	-2	 	-4	 	3.142	 	1	 	1	 	 	13.3
690	 	-2	 	-4	 	3.142	 	2	 	1	 	 	-0.9704
691	 	-2	 	-4	 	3.142	 	3	 	1	 	 	-1.18
692	 	-2	 	-4	 	4.712	 	0	 	1	 	 	-3.112
693	 	-2	 	-4	 	4.712	 	1	 	1	 	 	5.253
694	 	-2	 	-4	 	4.712	 	2	 	1	 	 	-3.505
695	 	-2	 	-4	 	4.712	 	3	 	1	 	 	-3.052
696	 	-2	 	-4	 	6.283	 	0	 	0	 	 	8.997
697	 	-2	 	-4	 	6.283	 	1	 	0	 	 	-2.917
698	 	-2	 	-4	 	6.283	 	2	 	0	 	 	-2.893
699	 	-2	 	-4	 	6.283	 	3	 	0	 	 	-4.215
700	 	-2	 	-3	 	0	 	0	 	3	 	 	-1.365
701	 	-2	 	-3	 	0	 	1	 	3	 	 	-1.462
702	 	-2	 	-3	 	0	 	2	 	3	 	 	-1.999
703	 	-2	 	-3	 	0	 	3	 	3	 	 	2.668
704	 	-2	 	-3	 	1.571	 	0	 	3	 	 	-1.074
705	 	-2	 	-3	 	1.571	 	1	 	3	 	 	-1.118
706	 	-2	 	-3	 	1.571	 	2	 	3	 	 	-1.168
707	 	-2	 	-3	 	1.571	 	3	 	3	 	 	9.068
708	 	-2	 	-3	 	3.142	 	0	 	1	 	 	-0.8146
709	 	-2	 	-3	 	3.142	 	1	 	1	 	 	14.02
710	 	-2	 	-3	 	3.142	 	2	 	1	 	 	-0.7656
711	 	-2	 	-3	 	3.142	 	3	 	1	 	 	-0.7544
712	 	-2	 	-3	 	4.712	 	0	 	3	 	 	-2.636
713	 	-2	 	-3	 	4.712	 	1	 	3	 	 	-2.522
714	 	-2	 	-3	 	4.712	 	2	 	3	 	 	-2.758
715	 	-2	 	-3	 	4.712	 	3	 	3	 	 	10.13
716	 	-2	 	-3	 	6.283	 	0	 	0	 	 	13.46
717	 	-2	 	-3	 	6.283	 	1	 	0	 	 	-2.254
718	 	-2	 	-3	 	6.283	 	2	 	0	 	 	-2.261
719	 	-2	 	-3	 	6.283	 	3	 	0	 	 	-4.991
720	 	-2	 	-2	 	0	 	0	 	3	 	 	-1.374
721	 	-2	 	-2	 	0	 	1	 	3	 	 	-1.38
722	 	-2	 	-2	 	0	 	2	 	3	 	 	-1.999
723	 	-2	 	-2	 	0	 	3	 	3	 	 	0.0005667
724	 	-2	 	-2	 	1.571	 	0	 	3	 	 	-1.001
725	 	-2	 	-2	 	1.571	 	1	 	3	 	 	-1.048
726	 	-2	 	-2	 	1.571	 	2	 	3	 	 	-0.9776
727	 	-2	 	-2	 	1.571	 	3	 	3	 	 	7.155
728	 	-2	 	-2	 	3.142	 	0	 	1	 	 	-0.734
729	 	-2	 	-2	 	3.142	 	1	 	1	 	 	11.51
730	 	-2	 	-2	 	3.142	 	2	 	1	 	 	-0.6717
731	 	-2	 	-2	 	3.142	 	3	 	1	 	 	-0.7537
732	 	-2	 	-2	 	4.712	 	0	 	1	 	 	-2.139
733	 	-2	 	-2	 	4.712	 	1	 	1	 	 	2.213
734	 	-2	 	-2	 	4.712	 	2	 	1	 	 	-4.824
735	 	-2	 	-2	 	4.712	 	3	 	1	 	 	-2.097
736	 	-2	 	-2	 	6.283	 	0	 	0	 	 	10.21
737	 	-2	 	-2	 	6.283	 	1	 	0	 	 	-1.928
738	 	-2	 	-2	 	6.283	 	2	 	0	 	 	-1.984
739	 	-2	 	-2	 	6.283	 	3	 	0	 	 	-2.79
740	 	-2	 	-1	 	0	 	0	 	1	 	 	-1.159
741	 	-2	 	-1	 	0	 	1	 	1	 	 	2.094
742	 	-2	 	-1	 	0	 	2	 	1	 	 	-1.91
743	 	-2	 	-1	 	0	 	3	 	1	 	 	-1.134
744	 	-2	 	-1	 	1.571	 	0	 	0	 	 	2.226
745	 	-2	 	-1	 	1.571	 	1	 	0	 	 	-0.8723
746	 	-2	 	-1	 	1.571	 	2	 	0	 	 	-0.8545
747	 	-2	 	-1	 	1.571	 	3	 	0	 	 	-0.8499
748	 	-2	 	-1	 	3.142	 	0	 	1	 	 	-0.6273
749	 	-2	 	-1	 	3.142	 	1	 	1	 	 	6.542
750	 	-2	 	-1	 	3.142	 	2	 	1	 	 	-0.5698
751	 	-2	 	-1	 	3.142	 	3	 	1	 	 	-0.5342
752	 	-2	 	-1	 	4.712	 	0	 	1	 	 	-1.543
753	 	-2	 	-1	 	4.712	 	1	 	1	 	 	13.43
754	 	-2	 	-1	 	4.712	 	2	 	1	 	 	-2.77
755	 	-2	 	-1	 	4.712	 	3	 	1	 	 	-1.574
756	 	-2	 	-1	 	6.283	 	0	 	0	 	 	6.662
757	 	-2	 	-1	 	6.283	 	1	 	0	 	 	-1.677
758	 	-2	 	-1	 	6.283	 	2	 	0	 	 	-1.579
759	 	-2	 	-1	 	6.283	 	3	 	0	 	 	-3.508
760	 	-2	 	0	 	0	 	0	 	3	 	 	-0.71
761	 	-2	 	0	 	0	 	1	 	3	 	 	-0.7463
762	 	-2	 	0	 	0	 	2	 	3	 	 	-1
763	 	-2	 	0	 	0	 	3	 	3	 	 	3.456
764	 	-2	 	0	 	1.571	 	0	 	3	 	 	-0.5656
765	 	-2	 	0	 	1.571	 	1	 	3	 	 	-0.5135
766	 	-2	 	0	 	1.571	 	2	 	3	 	 	-0.5275
767	 	-2	 	0	 	1.571	 	3	 	3	 	 	10.62
768	 	-2	 	0	 	3.142	 	0	 	3	 	 	-0.2927
769	 	-2	 	0	 	3.142	 	1	 	3	 	 	-0.2988
770	 	-2	 	0	 	3.142	 	2	 	3	 	 	-0.3186
771	 	-2	 	0	 	3.142	 	3	 	3	 	 	15.93
772	 	-2	 	0	 	4.712	 	0	 	1	 	 	-1.058
773	 	-2	 	0	 	4.712	 	1	 	1	 	 	20.74
774	 	-2	 	0	 	4.712	 	2	 	1	 	 	-2.749
775	 	-2	 	0	 	4.712	 	3	 	1	 	 	-1.069
776	 	-2	 	0	 	6.283	 	0	 	0	 	 	11.17
777	 	-2	 	0	 	6.283	 	1	 	0	 	 	-0.9233
778	 	-2	 	0	 	6.283	 	2	 	0	 	 	-0.9289
779	 	-2	 	0	 	6.283	 	3	 	0	 	 	-4.858
780	 	-2	 	1	 	0	 	0	 	0	 	 	9.974
781	 	-2	 	1	 	0	 	1	 	0	 	 	-0.3265
782	 	-2	 	1	 	0	 	2	 	0	 	 	-1
783	 	-2	 	1	 	0	 	3	 	0	 	 	-0.3006
784	 	-2	 	1	 	1.571	 	0	 	3	 	 	-0.4078
785	 	-2	 	1	 	1.571	 	1	 	3	 	 	-0.4239
786	 	-2	 	1	 	1.571	 	2	 	3	 	 	-0.3905
787	 	-2	 	1	 	1.571	 	3	 	3	 	 	5.234
788	 	-2	 	1	 	3.142	 	0	 	3	 	 	-0.1999
789	 	-2	 	1	 	3.142	 	1	 	3	 	 	-0.19
790	 	-2	 	1	 	3.142	 	2	 	3	 	 	-0.2267
791	 	-2	 	1	 	3.142	 	3	 	3	 	 	14.45
792	 	-2	 	1	 	4.712	 	0	 	3	 	 	-0.7463
793	 	-2	 	1	 	4.712	 	1	 	3	 	 	-0.7253
794	 	-2	 	1	 	4.712	 	2	 	3	 	 	-2.8
795	 	-2	 	1	 	4.712	 	3	 	3	 	 	23.37
796	 	-2	 	1	 	6.283	 	0	 	0	 	 	24.68
797	 	-2	 	1	 	6.283	 	1	 	0	 	 	-0.415
798	 	-2	 	1	 	6.283	 	2	 	0	 	 	-0.491
799	 	-2	 	1	 	6.283	 	3	 	0	 	 	-2.748
800	 	-2	 	2	 	0	 	0	 	3	 	 	-0.7415
801	 	-2	 	2	 	0	 	1	 	3	 	 	-0.7334
802	 	-2	 	2	 	0	 	2	 	3	 	 	-1
803	 	-2	 	2	 	0	 	3	 	3	 	 	6.249
804	 	-2	 	2	 	1.571	 	0	 	3	 	 	-0.5064
805	 	-2	 	2	 	1.571	 	1	 	3	 	 	-0.4738
806	 	-2	 	2	 	1.571	 	2	 	3	 	 	-0.5409
807	 	-2	 	2	 	1.571	 	3	 	3	 	 	14.6
808	 	-2	 	2	 	3.142	 	0	 	3	 	 	-0.3004
809	 	-2	 	2	 	3.142	 	1	 	3	 	 	-0.296
810	 	-2	 	2	 	3.142	 	2	 	3	 	 	-0.3184
811	 	-2	 	2	 	3.142	 	3	 	3	 	 	18.96
812	 	-2	 	2	 	4.712	 	0	 	0	 	 	21.59
813	 	-2	 	2	 	4.712	 	1	 	0	 	 	-0.9898
814	 	-2	 	2	 	4.712	 	2	 	0	 	 	-2.814
815	 	-2	 	2	 	4.712	 	3	 	0	 	 	-0.9545
816	 	-2	 	2	 	6.283	 	0	 	2	 	 	-1.111
817	 	-2	 	2	 	6.283	 	1	 	2	 	 	-1.186
818	 	-2	 	2	 	6.283	 	2	 	2	 	 	8.918
819	 	-2	 	2	 	6.283	 	3	 	2	 	 	-4.778
820	 	-2	 	3	 	0	 	0	 	3	 	 	-1.003
821	 	-2	 	3	 	0	 	1	 	3	 	 	-0.9777
822	 	-2	 	3	 	0	 	2	 	3	 	 	-1
823	 	-2	 	3	 	0	 	3	 	3	 	 	2.106
824	 	-2	 	3	 	1.571	 	0	 	1	 	 	-0.7491
825	 	-2	 	3	 	1.571	 	1	 	1	 	 	8.185
826	 	-2	 	3	 	1.571	 	2	 	1	 	 	-0.7109
827	 	-2	 	3	 	1.571	 	3	 	1	 	 	-0.711
828	 	-2	 	3	 	3.142	 	0	 	3	 	 	-0.5103
829	 	-2	 	3	 	3.142	 	1	 	3	 	 	-0.4793
830	 	-2	 	3	 	3.142	 	2	 	3	 	 	-0.5376
831	 	-2	 	3	 	3.142	 	3	 	3	 	 	6.959
832	 	-2	 	3	 	4.712	 	0	 	0	 	 	16.92
833	 	-2	 	3	 	4.712	 	1	 	0	 	 	-1.339
834	 	-2	 	3	 	4.712	 	2	 	0	 	 	-1.91
835	 	-2	 	3	 	4.712	 	3	 	0	 	 	-1.37
836	 	-2	 	3	 	6.283	 	0	 	0	 	 	6.263
837	 	-2	 	3	 	6.283	 	1	 	0	 	 	-1.524
838	 	-2	 	3	 	6.283	 	2	 	0	 	 	-1.402
839	 	-2	 	3	 	6.283	 	3	 	0	 	 	-1.911
840	 	-2	 	4	 	0	 	0	 	0	 	 	0.8942
841	 	-2	 	4	 	0	 	1	 	0	 	 	-1.365
842	 	-2	 	4	 	0	 	2	 	0	 	 	-1.999
843	 	-2	 	4	 	0	 	3	 	0	 	 	-1.378
844	 	-2	 	4	 	1.571	 	0	 	3	 	 	-1.069
845	 	-2	 	4	 	1.571	 	1	 	3	 	 	-1.08
846	 	-2	 	4	 	1.571	 	2	 	3	 	 	-1.145
847	 	-2	 	4	 	1.571	 	3	 	3	 	 	1.813
848	 	-2	 	4	 	3.142	 	0	 	1	 	 	-0.8395
849	 	-2	 	4	 	3.142	 	1	 	1	 	 	8.518
850	 	-2	 	4	 	3.142	 	2	 	1	 	 	-0.8599
851	 	-2	 	4	 	3.142	 	3	 	1	 	 	-0.8243
852	 	-2	 	4	 	4.712	 	0	 	0	 	 	11.17
853	 	-2	 	4	 	4.712	 	1	 	0	 	 	-1.806
854	 	-2	 	4	 	4.712	 	2	 	0	 	 	-3.509
855	 	-2	 	4	 	4.712	 	3	 	0	 	 	-1.79
856	 	-2	 	4	 	6.283	 	0	 	0	 	 	7.536
857	 	-2	 	4	 	6.283	 	1	 	0	 	 	-1.871
858	 	-2	 	4	 	6.283	 	2	 	0	 	 	-1.867
859	 	-2	 	4	 	6.283	 	3	 	0	 	 	-4.163
860	 	-2	 	5	 	0	 	0	 	3	 	 	-1.706
861	 	-2	 	5	 	0	 	1	 	3	 	 	-1.774
862	 	-2	 	5	 	0	 	2	 	3	 	 	-1.999
863	 	-2	 	5	 	0	 	3	 	3	 	 	4.63
864	 	-2	 	5	 	1.571	 	0	 	3	 	 	-1.999
865	 	-2	 	5	 	1.571	 	1	 	3	 	 	-1.349
866	 	-2	 	5	 	1.571	 	2	 	3	 	 	-1.402
867	 	-2	 	5	 	1.571	 	3	 	3	 	 	9.39
868	 	-2	 	5	 	3.142	 	0	 	1	 	 	-1.084
869	 	-2	 	5	 	3.142	 	1	 	1	 	 	13.51
870	 	-2	 	5	 	3.142	 	2	 	1	 	 	-1.155
871	 	-2	 	5	 	3.142	 	3	 	1	 	 	-1.26
872	 	-2	 	5	 	4.712	 	0	 	0	 	 	3.156
873	 	-2	 	5	 	4.712	 	1	 	0	 	 	-2.908
874	 	-2	 	5	 	4.712	 	2	 	0	 	 	-4.279
875	 	-2	 	5	 	4.712	 	3	 	0	 	 	-2.218
876	 	-2	 	5	 	6.283	 	0	 	0	 	 	1.287
877	 	-2	 	5	 	6.283	 	1	 	0	 	 	-2.467
878	 	-2	 	5	 	6.283	 	2	 	0	 	 	-2.382
879	 	-2	 	5	 	6.283	 	3	 	0	 	 	-6.827
880	 	-1	 	-5	 	0	 	0	 	3	 	 	-1.546
881	 	-1	 	-5	 	0	 	1	 	3	 	 	-1.583
882	 	-1	 	-5	 	0	 	2	 	3	 	 	-1.91
883	 	-1	 	-5	 	0	 	3	 	3	 	 	2.07
884	 	-1	 	-5	 	1.571	 	0	 	0	 	 	7.476
885	 	-1	 	-5	 	1.571	 	1	 	0	 	 	-1.999
886	 	-1	 	-5	 	1.571	 	2	 	0	 	 	-1.141
887	 	-1	 	-5	 	1.571	 	3	 	0	 	 	-1.076
888	 	-1	 	-5	 	3.142	 	0	 	1	 	 	-0.9172
889	 	-1	 	-5	 	3.142	 	1	 	1	 	 	11.46
890	 	-1	 	-5	 	3.142	 	2	 	1	 	 	-0.995
891	 	-1	 	-5	 	3.142	 	3	 	1	 	 	-1.117
892	 	-1	 	-5	 	4.712	 	0	 	3	 	 	-3.749
893	 	-1	 	-5	 	4.712	 	1	 	3	 	 	-2.86
894	 	-1	 	-5	 	4.712	 	2	 	3	 	 	-3.552
895	 	-1	 	-5	 	4.712	 	3	 	3	 	 	2.65
896	 	-1	 	-5	 	6.283	 	0	 	0	 	 	12.11
897	 	-1	 	-5	 	6.283	 	1	 	0	 	 	-2.852
898	 	-1	 	-5	 	6.283	 	2	 	0	 	 	-2.76
899	 	-1	 	-5	 	6.283	 	3	 	0	 	 	-2.908
900	 	-1	 	-4	 	0	 	0	 	3	 	 	-1.211
901	 	-1	 	-4	 	0	 	1	 	3	 	 	-1.255
902	 	-1	 	-4	 	0	 	2	 	3	 	 	-1.999
903	 	-1	 	-4	 	0	 	3	 	3	 	 	5.761
904	 	-1	 	-4	 	1.571	 	0	 	3	 	 	-0.9507
905	 	-1	 	-4	 	1.571	 	1	 	3	 	 	-0.9955
906	 	-1	 	-4	 	1.571	 	2	 	3	 	 	-0.9156
907	 	-1	 	-4	 	1.571	 	3	 	3	 	 	11.92
908	 	-1	 	-4	 	3.142	 	0	 	1	 	 	-0.6054
909	 	-1	 	-4	 	3.142	 	1	 	1	 	 	14.54
910	 	-1	 	-4	 	3.142	 	2	 	1	 	 	-0.6571
911	 	-1	 	-4	 	3.142	 	3	 	1	 	 	-0.7811
912	 	-1	 	-4	 	4.712	 	0	 	1	 	 	-2.496
913	 	-1	 	-4	 	4.712	 	1	 	1	 	 	2.523
914	 	-1	 	-4	 	4.712	 	2	 	1	 	 	-3.544
915	 	-1	 	-4	 	4.712	 	3	 	1	 	 	-2.481
916	 	-1	 	-4	 	6.283	 	0	 	0	 	 	12.29
917	 	-1	 	-4	 	6.283	 	1	 	0	 	 	-2.314
918	 	-1	 	-4	 	6.283	 	2	 	0	 	 	-2.335
919	 	-1	 	-4	 	6.283	 	3	 	0	 	 	-4.801
920	 	-1	 	-3	 	0	 	0	 	3	 	 	-1.065
921	 	-1	 	-3	 	0	 	1	 	3	 	 	-1.144
922	 	-1	 	-3	 	0	 	2	 	3	 	 	-1.999
923	 	-1	 	-3	 	0	 	3	 	3	 	 	4.197
924	 	-1	 	-3	 	1.571	 	0	 	3	 	 	-0.8468
925	 	-1	 	-3	 	1.571	 	1	 	3	 	 	-0.8432
926	 	-1	 	-3	 	1.571	 	2	 	3	 	 	-0.8357
927	 	-1	 	-3	 	1.571	 	3	 	3	 	 	11.57
928	 	-1	 	-3	 	3.142	 	0	 	1	 	 	-0.5199
929	 	-1	 	-3	 	3.142	 	1	 	1	 	 	15.55
930	 	-1	 	-3	 	3.142	 	2	 	1	 	 	-0.4503
931	 	-1	 	-3	 	3.142	 	3	 	1	 	 	-0.4343
932	 	-1	 	-3	 	4.712	 	0	 	3	 	 	-1.992
933	 	-1	 	-3	 	4.712	 	1	 	3	 	 	-1.955
934	 	-1	 	-3	 	4.712	 	2	 	3	 	 	-3.59
935	 	-1	 	-3	 	4.712	 	3	 	3	 	 	10.66
936	 	-1	 	-3	 	6.283	 	0	 	0	 	 	15.38
937	 	-1	 	-3	 	6.283	 	1	 	0	 	 	-1.864
938	 	-1	 	-3	 	6.283	 	2	 	0	 	 	-1.794
939	 	-1	 	-3	 	6.283	 	3	 	0	 	 	-1.93
940	 	-1	 	-2	 	0	 	0	 	0	 	 	0.6474
941	 	-1	 	-2	 	0	 	1	 	0	 	 	-1.155
942	 	-1	 	-2	 	0	 	2	 	0	 	 	-1.999
943	 	-1	 	-2	 	0	 	3	 	0	 	 	-1.068
944	 	-1	 	-2	 	1.571	 	0	 	3	 	 	-0.7524
945	 	-1	 	-2	 	1.571	 	1	 	3	 	 	-0.821
946	 	-1	 	-2	 	1.571	 	2	 	3	 	 	-0.751
947	 	-1	 	-2	 	1.571	 	3	 	3	 	 	8.025
948	 	-1	 	-2	 	3.142	 	0	 	1	 	 	-0.4105
949	 	-1	 	-2	 	3.142	 	1	 	1	 	 	14.78
950	 	-1	 	-2	 	3.142	 	2	 	1	 	 	-0.4591
951	 	-1	 	-2	 	3.142	 	3	 	1	 	 	-0.4231
952	 	-1	 	-2	 	4.712	 	0	 	1	 	 	-1.696
953	 	-1	 	-2	 	4.712	 	1	 	1	 	 	6.029
954	 	-1	 	-2	 	4.712	 	2	 	1	 	 	-4.168
955	 	-1	 	-2	 	4.712	 	3	 	1	 	 	-1.606
956	 	-1	 	-2	 	6.283	 	0	 	0	 	 	14.14
957	 	-1	 	-2	 	6.283	 	1	 	0	 	 	-1.485
958	 	-1	 	-2	 	6.283	 	2	 	0	 	 	-1.471
959	 	-1	 	-2	 	6.283	 	3	 	0	 	 	-3.532
960	 	-1	 	-1	 	0	 	0	 	3	 	 	-0.9716
961	 	-1	 	-1	 	0	 	1	 	3	 	 	-0.9334
962	 	-1	 	-1	 	0	 	2	 	3	 	 	-1
963	 	-1	 	-1	 	0	 	3	 	3	 	 	4.658
964	 	-1	 	-1	 	1.571	 	0	 	3	 	 	-0.6354
965	 	-1	 	-1	 	1.571	 	1	 	3	 	 	-0.6173
966	 	-1	 	-1	 	1.571	 	2	 	3	 	 	-0.6417
967	 	-1	 	-1	 	1.571	 	3	 	3	 	 	12.82
968	 	-1	 	-1	 	3.142	 	0	 	1	 	 	-0.3113
969	 	-1	 	-1	 	3.142	 	1	 	1	 	 	16.58
970	 	-1	 	-1	 	3.142	 	2	 	1	 	 	-0.3337
971	 	-1	 	-1	 	3.142	 	3	 	1	 	 	-0.3672
972	 	-1	 	-1	 	4.712	 	0	 	1	 	 	-1.191
973	 	-1	 	-1	 	4.712	 	1	 	1	 	 	14.42
974	 	-1	 	-1	 	4.712	 	2	 	1	 	 	-2.741
975	 	-1	 	-1	 	4.712	 	3	 	1	 	 	-1.092
976	 	-1	 	-1	 	6.283	 	0	 	0	 	 	13.22
977	 	-1	 	-1	 	6.283	 	1	 	0	 	 	-1.049
978	 	-1	 	-1	 	6.283	 	2	 	0	 	 	-1.109
979	 	-1	 	-1	 	6.283	 	3	 	0	 	 	-3.475
980	 	-1	 	0	 	0	 	0	 	0	 	 	5.887
981	 	-1	 	0	 	0	 	1	 	0	 	 	-0.6107
982	 	-1	 	0	 	0	 	2	 	0	 	 	-1
983	 	-1	 	0	 	0	 	3	 	0	 	 	-0.5833
984	 	-1	 	0	 	1.571	 	0	 	3	 	 	-0.535
985	 	-1	 	0	 	1.571	 	1	 	3	 	 	-0.5348
986	 	-1	 	0	 	1.571	 	2	 	3	 	 	-0.6203
987	 	-1	 	0	 	1.571	 	3	 	3	 	 	6.893
988	 	-1	 	0	 	3.142	 	0	 	3	 	 	-0.3082
989	 	-1	 	0	 	3.142	 	1	 	3	 	 	-0.2578
990	 	-1	 	0	 	3.142	 	2	 	3	 	 	-0.3282
991	 	-1	 	0	 	3.142	 	3	 	3	 	 	14.7
992	 	-1	 	0	 	4.712	 	0	 	1	 	 	-0.6668
993	 	-1	 	0	 	4.712	 	1	 	1	 	 	21.02
994	 	-1	 	0	 	4.712	 	2	 	1	 	 	-2.795
995	 	-1	 	0	 	4.712	 	3	 	1	 	 	-0.6819
996	 	-1	 	0	 	6.283	 	0	 	0	 	 	16.91
997	 	-1	 	0	 	6.283	 	1	 	0	 	 	-0.5632
998	 	-1	 	0	 	6.283	 	2	 	0	 	 	-0.5282
999	 	-1	 	0	 	6.283	 	3	 	0	 	 	-1
1000	 	-1	 	1	 	0	 	0	 	0	 	 	15.77
1001	 	-1	 	1	 	0	 	1	 	0	 	 	-0.1
1002	 	-1	 	1	 	0	 	2	 	0	 	 	-1
1003	 	-1	 	1	 	0	 	3	 	0	 	 	-0.1099
1004	 	-1	 	1	 	1.571	 	0	 	2	 	 	-0.3006
1005	 	-1	 	1	 	1.571	 	1	 	2	 	 	-0.3298
1006	 	-1	 	1	 	1.571	 	2	 	2	 	 	6.103
1007	 	-1	 	1	 	1.571	 	3	 	2	 	 	-0.2898
1008	 	-1	 	1	 	3.142	 	0	 	1	 	 	-0.2049
1009	 	-1	 	1	 	3.142	 	1	 	1	 	 	10
1010	 	-1	 	1	 	3.142	 	2	 	1	 	 	-0.1099
1011	 	-1	 	1	 	3.142	 	3	 	1	 	 	-0.1278
1012	 	-1	 	1	 	4.712	 	0	 	3	 	 	-0.4704
1013	 	-1	 	1	 	4.712	 	1	 	3	 	 	-0.604
1014	 	-1	 	1	 	4.712	 	2	 	3	 	 	-3.466
1015	 	-1	 	1	 	4.712	 	3	 	3	 	 	24.32
1016	 	-1	 	1	 	6.283	 	0	 	0	 	 	25.94
1017	 	-1	 	1	 	6.283	 	1	 	0	 	 	-0.2832
1018	 	-1	 	1	 	6.283	 	2	 	0	 	 	-0.2168
1019	 	-1	 	1	 	6.283	 	3	 	0	 	 	-3.855
1020	 	-1	 	2	 	0	 	0	 	0	 	 	6.304
1021	 	-1	 	2	 	0	 	1	 	0	 	 	-0.65
1022	 	-1	 	2	 	0	 	2	 	0	 	 	-1
1023	 	-1	 	2	 	0	 	3	 	0	 	 	-0.6618
1024	 	-1	 	2	 	1.571	 	0	 	3	 	 	-0.5109
1025	 	-1	 	2	 	1.571	 	1	 	3	 	 	-0.4963
1026	 	-1	 	2	 	1.571	 	2	 	3	 	 	-0.5371
1027	 	-1	 	2	 	1.571	 	3	 	3	 	 	8.071
1028	 	-1	 	2	 	3.142	 	0	 	3	 	 	-0.2553
1029	 	-1	 	2	 	3.142	 	1	 	3	 	 	-0.2778
1030	 	-1	 	2	 	3.142	 	2	 	3	 	 	-0.3264
1031	 	-1	 	2	 	3.142	 	3	 	3	 	 	15.76
1032	 	-1	 	2	 	4.712	 	0	 	0	 	 	21.41
1033	 	-1	 	2	 	4.712	 	1	 	0	 	 	-0.8431
1034	 	-1	 	2	 	4.712	 	2	 	0	 	 	-4.146
1035	 	-1	 	2	 	4.712	 	3	 	0	 	 	-0.7961
1036	 	-1	 	2	 	6.283	 	0	 	0	 	 	9.045
1037	 	-1	 	2	 	6.283	 	1	 	0	 	 	-0.7505
1038	 	-1	 	2	 	6.283	 	2	 	0	 	 	-0.715
1039	 	-1	 	2	 	6.283	 	3	 	0	 	 	-3.552
1040	 	-1	 	3	 	0	 	0	 	0	 	 	4.062
1041	 	-1	 	3	 	0	 	1	 	0	 	 	-0.9695
1042	 	-1	 	3	 	0	 	2	 	0	 	 	-1.91
1043	 	-1	 	3	 	0	 	3	 	0	 	 	-0.9383
1044	 	-1	 	3	 	1.571	 	0	 	3	 	 	-0.7448
1045	 	-1	 	3	 	1.571	 	1	 	3	 	 	-0.7254
1046	 	-1	 	3	 	1.571	 	2	 	3	 	 	-0.7334
1047	 	-1	 	3	 	1.571	 	3	 	3	 	 	5.33
1048	 	-1	 	3	 	3.142	 	0	 	1	 	 	-0.4106
1049	 	-1	 	3	 	3.142	 	1	 	1	 	 	11.87
1050	 	-1	 	3	 	3.142	 	2	 	1	 	 	-0.4478
1051	 	-1	 	3	 	3.142	 	3	 	1	 	 	-0.3849
1052	 	-1	 	3	 	4.712	 	0	 	0	 	 	15.71
1053	 	-1	 	3	 	4.712	 	1	 	0	 	 	-1.181
1054	 	-1	 	3	 	4.712	 	2	 	0	 	 	-2.78
1055	 	-1	 	3	 	4.712	 	3	 	0	 	 	-1.138
1056	 	-1	 	3	 	6.283	 	0	 	0	 	 	13.28
1057	 	-1	 	3	 	6.283	 	1	 	0	 	 	-0.9748
1058	 	-1	 	3	 	6.283	 	2	 	0	 	 	-0.9799
1059	 	-1	 	3	 	6.283	 	3	 	0	 	 	-4.166
1060	 	-1	 	4	 	0	 	0	 	3	 	 	-0.9984
1061	 	-1	 	4	 	0	 	1	 	3	 	 	-1.069
1062	 	-1	 	4	 	0	 	2	 	3	 	 	-1
1063	 	-1	 	4	 	0	 	3	 	3	 	 	6.417
1064	 	-1	 	4	 	1.571	 	0	 	3	 	 	-0.7678
1065	 	-1	 	4	 	1.571	 	1	 	3	 	 	-0.8266
1066	 	-1	 	4	 	1.571	 	2	 	3	 	 	-0.8169
1067	 	-1	 	4	 	1.571	 	3	 	3	 	 	11.37
1068	 	-1	 	4	 	3.142	 	0	 	1	 	 	-0.51
1069	 	-1	 	4	 	3.142	 	1	 	1	 	 	14.74
1070	 	-1	 	4	 	3.142	 	2	 	1	 	 	-0.5542
1071	 	-1	 	4	 	3.142	 	3	 	1	 	 	-0.5165
1072	 	-1	 	4	 	4.712	 	0	 	0	 	 	8.798
1073	 	-1	 	4	 	4.712	 	1	 	0	 	 	-1.597
1074	 	-1	 	4	 	4.712	 	2	 	0	 	 	-4.17
1075	 	-1	 	4	 	4.712	 	3	 	0	 	 	-1.562
1076	 	-1	 	4	 	6.283	 	0	 	0	 	 	14.26
1077	 	-1	 	4	 	6.283	 	1	 	0	 	 	-1.451
1078	 	-1	 	4	 	6.283	 	2	 	0	 	 	-1.395
1079	 	-1	 	4	 	6.283	 	3	 	0	 	 	-4.247
1080	 	-1	 	5	 	0	 	0	 	3	 	 	-1.38
1081	 	-1	 	5	 	0	 	1	 	3	 	 	-1.484
1082	 	-1	 	5	 	0	 	2	 	3	 	 	-1.999
1083	 	-1	 	5	 	0	 	3	 	3	 	 	5.518
1084	 	-1	 	5	 	1.571	 	0	 	3	 	 	-1
1085	 	-1	 	5	 	1.571	 	1	 	3	 	 	-1.048
1086	 	-1	 	5	 	1.571	 	2	 	3	 	 	-1.11
1087	 	-1	 	5	 	1.571	 	3	 	3	 	 	11.49
1088	 	-1	 	5	 	3.142	 	0	 	1	 	 	-0.7493
1089	 	-1	 	5	 	3.142	 	1	 	1	 	 	15.32
1090	 	-1	 	5	 	3.142	 	2	 	1	 	 	-0.7926
1091	 	-1	 	5	 	3.142	 	3	 	1	 	 	-0.8176
1092	 	-1	 	5	 	4.712	 	0	 	0	 	 	1.681
1093	 	-1	 	5	 	4.712	 	1	 	0	 	 	-1.999
1094	 	-1	 	5	 	4.712	 	2	 	0	 	 	-1.999
1095	 	-1	 	5	 	4.712	 	3	 	0	 	 	-2.008
1096	 	-1	 	5	 	6.283	 	0	 	0	 	 	9.015
1097	 	-1	 	5	 	6.283	 	1	 	0	 	 	-1.932
1098	 	-1	 	5	 	6.283	 	2	 	0	 	 	-1.924
1099	 	-1	 	5	 	6.283	 	3	 	0	 	 	-3.581
1100	 	0	 	-5	 	0	 	0	 	3	 	 	-1.2
1101	 	0	 	-5	 	0	 	1	 	3	 	 	-1.212
1102	 	0	 	-5	 	0	 	2	 	3	 	 	-1.999
1103	 	0	 	-5	 	0	 	3	 	3	 	 	2.412
1104	 	0	 	-5	 	1.571	 	0	 	0	 	 	9.389
1105	 	0	 	-5	 	1.571	 	1	 	0	 	 	-1
1106	 	0	 	-5	 	1.571	 	2	 	0	 	 	-0.7597
1107	 	0	 	-5	 	1.571	 	3	 	0	 	 	-0.7371
1108	 	0	 	-5	 	3.142	 	0	 	1	 	 	-0.6332
1109	 	0	 	-5	 	3.142	 	1	 	1	 	 	13.76
1110	 	0	 	-5	 	3.142	 	2	 	1	 	 	-0.631
1111	 	0	 	-5	 	3.142	 	3	 	1	 	 	-0.7816
1112	 	0	 	-5	 	4.712	 	0	 	3	 	 	-2.769
1113	 	0	 	-5	 	4.712	 	1	 	3	 	 	-2.268
1114	 	0	 	-5	 	4.712	 	2	 	3	 	 	-5.303
1115	 	0	 	-5	 	4.712	 	3	 	3	 	 	4.558
1116	 	0	 	-5	 	6.283	 	0	 	0	 	 	14.07
1117	 	0	 	-5	 	6.283	 	1	 	0	 	 	-2.242
1118	 	0	 	-5	 	6.283	 	2	 	0	 	 	-2.239
1119	 	0	 	-5	 	6.283	 	3	 	0	 	 	-2.757
1120	 	0	 	-4	 	0	 	0	 	3	 	 	-0.8767
1121	 	0	 	-4	 	0	 	1	 	3	 	 	-0.8354
1122	 	0	 	-4	 	0	 	2	 	3	 	 	-1.9
1123	 	0	 	-4	 	0	 	3	 	3	 	 	7.163
1124	 	0	 	-4	 	1.571	 	0	 	3	 	 	-0.5792
1125	 	0	 	-4	 	1.571	 	1	 	3	 	 	-0.5771
1126	 	0	 	-4	 	1.571	 	2	 	3	 	 	-0.5452
1127	 	0	 	-4	 	1.571	 	3	 	3	 	 	13.55
1128	 	0	 	-4	 	3.142	 	0	 	1	 	 	-0.4003
1129	 	0	 	-4	 	3.142	 	1	 	1	 	 	15.72
1130	 	0	 	-4	 	3.142	 	2	 	1	 	 	-0.4237
1131	 	0	 	-4	 	3.142	 	3	 	1	 	 	-0.4161
1132	 	0	 	-4	 	4.712	 	0	 	3	 	 	-1.931
1133	 	0	 	-4	 	4.712	 	1	 	3	 	 	-1.919
1134	 	0	 	-4	 	4.712	 	2	 	3	 	 	-3.439
1135	 	0	 	-4	 	4.712	 	3	 	3	 	 	5.963
1136	 	0	 	-4	 	6.283	 	0	 	0	 	 	15.11
1137	 	0	 	-4	 	6.283	 	1	 	0	 	 	-1.871
1138	 	0	 	-4	 	6.283	 	2	 	0	 	 	-1.791
1139	 	0	 	-4	 	6.283	 	3	 	0	 	 	-2.81
1140	 	0	 	-3	 	0	 	0	 	3	 	 	-0.7204
1141	 	0	 	-3	 	0	 	1	 	3	 	 	-0.7409
1142	 	0	 	-3	 	0	 	2	 	3	 	 	-1
1143	 	0	 	-3	 	0	 	3	 	3	 	 	3.435
1144	 	0	 	-3	 	1.571	 	0	 	3	 	 	-0.4731
1145	 	0	 	-3	 	1.571	 	1	 	3	 	 	-0.5151
1146	 	0	 	-3	 	1.571	 	2	 	3	 	 	-0.5106
1147	 	0	 	-3	 	1.571	 	3	 	3	 	 	11.98
1148	 	0	 	-3	 	3.142	 	0	 	1	 	 	-0.2927
1149	 	0	 	-3	 	3.142	 	1	 	1	 	 	16.86
1150	 	0	 	-3	 	3.142	 	2	 	1	 	 	-0.2187
1151	 	0	 	-3	 	3.142	 	3	 	1	 	 	-0.3482
1152	 	0	 	-3	 	4.712	 	0	 	3	 	 	-1.544
1153	 	0	 	-3	 	4.712	 	1	 	3	 	 	-1.541
1154	 	0	 	-3	 	4.712	 	2	 	3	 	 	-2.739
1155	 	0	 	-3	 	4.712	 	3	 	3	 	 	7.881
1156	 	0	 	-3	 	6.283	 	0	 	0	 	 	16.83
1157	 	0	 	-3	 	6.283	 	1	 	0	 	 	-1.377
1158	 	0	 	-3	 	6.283	 	2	 	0	 	 	-1.425
1159	 	0	 	-3	 	6.283	 	3	 	0	 	 	-3.591
1160	 	0	 	-2	 	0	 	0	 	3	 	 	-0.717
1161	 	0	 	-2	 	0	 	1	 	3	 	 	-0.7506
1162	 	0	 	-2	 	0	 	2	 	3	 	 	-1.91
1163	 	0	 	-2	 	0	 	3	 	3	 	 	7.828
1164	 	0	 	-2	 	1.571	 	0	 	3	 	 	-0.3806
1165	 	0	 	-2	 	1.571	 	1	 	3	 	 	-0.4156
1166	 	0	 	-2	 	1.571	 	2	 	3	 	 	-0.4393
1167	 	0	 	-2	 	1.571	 	3	 	3	 	 	14.16
1168	 	0	 	-2	 	3.142	 	0	 	1	 	 	-0.1999
1169	 	0	 	-2	 	3.142	 	1	 	1	 	 	17.63
1170	 	0	 	-2	 	3.142	 	2	 	1	 	 	-0.2196
1171	 	0	 	-2	 	3.142	 	3	 	1	 	 	-0.3613
1172	 	0	 	-2	 	4.712	 	0	 	3	 	 	-1.233
1173	 	0	 	-2	 	4.712	 	1	 	3	 	 	-1.192
1174	 	0	 	-2	 	4.712	 	2	 	3	 	 	-4.845
1175	 	0	 	-2	 	4.712	 	3	 	3	 	 	10.12
1176	 	0	 	-2	 	6.283	 	0	 	0	 	 	17.22
1177	 	0	 	-2	 	6.283	 	1	 	0	 	 	-1.075
1178	 	0	 	-2	 	6.283	 	2	 	0	 	 	-1.074
1179	 	0	 	-2	 	6.283	 	3	 	0	 	 	-5.385
1180	 	0	 	-1	 	0	 	0	 	0	 	 	8.279
1181	 	0	 	-1	 	0	 	1	 	0	 	 	-0.7556
1182	 	0	 	-1	 	0	 	2	 	0	 	 	-1
1183	 	0	 	-1	 	0	 	3	 	0	 	 	-0.7024
1184	 	0	 	-1	 	1.571	 	0	 	3	 	 	-0.3868
1185	 	0	 	-1	 	1.571	 	1	 	3	 	 	-0.4054
1186	 	0	 	-1	 	1.571	 	2	 	3	 	 	-0.442
1187	 	0	 	-1	 	1.571	 	3	 	3	 	 	10.64
1188	 	0	 	-1	 	3.142	 	0	 	1	 	 	-0.2009
1189	 	0	 	-1	 	3.142	 	1	 	1	 	 	18.91
1190	 	0	 	-1	 	3.142	 	2	 	1	 	 	-0.1
1191	 	0	 	-1	 	3.142	 	3	 	1	 	 	-0.1779
1192	 	0	 	-1	 	4.712	 	0	 	1	 	 	-0.8433
1193	 	0	 	-1	 	4.712	 	1	 	1	 	 	6.482
1194	 	0	 	-1	 	4.712	 	2	 	1	 	 	-4.115
1195	 	0	 	-1	 	4.712	 	3	 	1	 	 	-0.8326
1196	 	0	 	-1	 	6.283	 	0	 	0	 	 	17.65
1197	 	0	 	-1	 	6.283	 	1	 	0	 	 	-0.6867
1198	 	0	 	-1	 	6.283	 	2	 	0	 	 	-0.7834
1199	 	0	 	-1	 	6.283	 	3	 	0	 	 	-1
1200	 	0	 	0	 	0	 	0	 	0	 	 	12.96
1201	 	0	 	0	 	0	 	1	 	0	 	 	-0.3895
1202	 	0	 	0	 	0	 	2	 	0	 	 	-1
1203	 	0	 	0	 	0	 	3	 	0	 	 	-0.3895
1204	 	0	 	0	 	1.571	 	0	 	3	 	 	-0.2711
1205	 	0	 	0	 	1.571	 	1	 	3	 	 	-0.2987
1206	 	0	 	0	 	1.571	 	2	 	3	 	 	-0.2908
1207	 	0	 	0	 	1.571	 	3	 	3	 	 	5.683
1208	 	0	 	0	 	3.142	 	0	 	1	 	 	-0.1999
1209	 	0	 	0	 	3.142	 	1	 	1	 	 	15.32
1210	 	0	 	0	 	3.142	 	2	 	1	 	 	-0.1099
1211	 	0	 	0	 	3.142	 	3	 	1	 	 	-0.1274
1212	 	0	 	0	 	4.712	 	0	 	3	 	 	-0.444
1213	 	0	 	0	 	4.712	 	1	 	3	 	 	-0.5316
1214	 	0	 	0	 	4.712	 	2	 	3	 	 	-5.263
1215	 	0	 	0	 	4.712	 	3	 	3	 	 	14.96
1216	 	0	 	0	 	6.283	 	0	 	0	 	 	19.9
1217	 	0	 	0	 	6.283	 	1	 	0	 	 	-0.403
1218	 	0	 	0	 	6.283	 	2	 	0	 	 	-0.2898
1219	 	0	 	0	 	6.283	 	3	 	0	 	 	-1
1220	 	0	 	1	 	0	 	0	 	0	 	 	19.69
1221	 	0	 	1	 	0	 	1	 	0	 	 	0
1222	 	0	 	1	 	0	 	2	 	0	 	 	0
1223	 	0	 	1	 	0	 	3	 	0	 	 	0
1224	 	0	 	1	 	1.571	 	0	 	2	 	 	-0.1
1225	 	0	 	1	 	1.571	 	1	 	2	 	 	-0.1
1226	 	0	 	1	 	1.571	 	2	 	2	 	 	11.57
1227	 	0	 	1	 	1.571	 	3	 	2	 	 	-0.001
1228	 	0	 	1	 	3.142	 	0	 	1	 	 	-0.1
1229	 	0	 	1	 	3.142	 	1	 	1	 	 	20.12
1230	 	0	 	1	 	3.142	 	2	 	1	 	 	0
1231	 	0	 	1	 	3.142	 	3	 	1	 	 	0
1232	 	0	 	1	 	4.712	 	0	 	3	 	 	-0.5026
1233	 	0	 	1	 	4.712	 	1	 	3	 	 	-0.5387
1234	 	0	 	1	 	4.712	 	2	 	3	 	 	-1
1235	 	0	 	1	 	4.712	 	3	 	3	 	 	21.85
1236	 	0	 	1	 	6.283	 	0	 	0	 	 	27.21
1237	 	0	 	1	 	6.283	 	1	 	0	 	 	-0.2762
1238	 	0	 	1	 	6.283	 	2	 	0	 	 	-0.3199
1239	 	0	 	1	 	6.283	 	3	 	0	 	 	-2.078
1240	 	0	 	2	 	0	 	0	 	0	 	 	16.04
1241	 	0	 	2	 	0	 	1	 	0	 	 	-0.3167
1242	 	0	 	2	 	0	 	2	 	0	 	 	-1
1243	 	0	 	2	 	0	 	3	 	0	 	 	-0.2819
1244	 	0	 	2	 	1.571	 	0	 	2	 	 	-0.2248
1245	 	0	 	2	 	1.571	 	1	 	2	 	 	-0.2544
1246	 	0	 	2	 	1.571	 	2	 	2	 	 	3.869
1247	 	0	 	2	 	1.571	 	3	 	2	 	 	-0.281
1248	 	0	 	2	 	3.142	 	0	 	3	 	 	-0.19
1249	 	0	 	2	 	3.142	 	1	 	3	 	 	-0.1733
1250	 	0	 	2	 	3.142	 	2	 	3	 	 	-0.1099
1251	 	0	 	2	 	3.142	 	3	 	3	 	 	5.755
1252	 	0	 	2	 	4.712	 	0	 	0	 	 	14.11
1253	 	0	 	2	 	4.712	 	1	 	0	 	 	-0.3897
1254	 	0	 	2	 	4.712	 	2	 	0	 	 	-2.729
1255	 	0	 	2	 	4.712	 	3	 	0	 	 	-0.399
1256	 	0	 	2	 	6.283	 	0	 	0	 	 	17.37
1257	 	0	 	2	 	6.283	 	1	 	0	 	 	-0.4006
1258	 	0	 	2	 	6.283	 	2	 	0	 	 	-0.3148
1259	 	0	 	2	 	6.283	 	3	 	0	 	 	-2.745
1260	 	0	 	3	 	0	 	0	 	0	 	 	12.69
1261	 	0	 	3	 	0	 	1	 	0	 	 	-0.623
1262	 	0	 	3	 	0	 	2	 	0	 	 	-1
1263	 	0	 	3	 	0	 	3	 	0	 	 	-0.6454
1264	 	0	 	3	 	1.571	 	0	 	3	 	 	-0.4232
1265	 	0	 	3	 	1.571	 	1	 	3	 	 	-0.3796
1266	 	0	 	3	 	1.571	 	2	 	3	 	 	-0.4364
1267	 	0	 	3	 	1.571	 	3	 	3	 	 	9.398
1268	 	0	 	3	 	3.142	 	0	 	1	 	 	-0.2009
1269	 	0	 	3	 	3.142	 	1	 	1	 	 	17.83
1270	 	0	 	3	 	3.142	 	2	 	1	 	 	-0.2098
1271	 	0	 	3	 	3.142	 	3	 	1	 	 	-0.1654
1272	 	0	 	3	 	4.712	 	0	 	3	 	 	-0.7204
1273	 	0	 	3	 	4.712	 	1	 	3	 	 	-0.7029
1274	 	0	 	3	 	4.712	 	2	 	3	 	 	-2.758
1275	 	0	 	3	 	4.712	 	3	 	3	 	 	7.809
1276	 	0	 	3	 	6.283	 	0	 	0	 	 	17.56
1277	 	0	 	3	 	6.283	 	1	 	0	 	 	-0.6306
1278	 	0	 	3	 	6.283	 	2	 	0	 	 	-0.6258
1279	 	0	 	3	 	6.283	 	3	 	0	 	 	-3.528
1280	 	0	 	4	 	0	 	0	 	3	 	 	-0.6663
1281	 	0	 	4	 	0	 	1	 	3	 	 	-0.7567
1282	 	0	 	4	 	0	 	2	 	3	 	 	-3.439
1283	 	0	 	4	 	0	 	3	 	3	 	 	8.24
1284	 	0	 	4	 	1.571	 	0	 	3	 	 	-0.5157
1285	 	0	 	4	 	1.571	 	1	 	3	 	 	-0.5481
1286	 	0	 	4	 	1.571	 	2	 	3	 	 	-0.5245
1287	 	0	 	4	 	1.571	 	3	 	3	 	 	14.16
1288	 	0	 	4	 	3.142	 	0	 	1	 	 	-0.2927
1289	 	0	 	4	 	3.142	 	1	 	1	 	 	17.68
1290	 	0	 	4	 	3.142	 	2	 	1	 	 	-0.2205
1291	 	0	 	4	 	3.142	 	3	 	1	 	 	-0.3619
1292	 	0	 	4	 	4.712	 	0	 	3	 	 	-1.07
1293	 	0	 	4	 	4.712	 	1	 	3	 	 	-1.153
1294	 	0	 	4	 	4.712	 	2	 	3	 	 	-1.91
1295	 	0	 	4	 	4.712	 	3	 	3	 	 	12.66
1296	 	0	 	4	 	6.283	 	0	 	0	 	 	17.53
1297	 	0	 	4	 	6.283	 	1	 	0	 	 	-0.9469
1298	 	0	 	4	 	6.283	 	2	 	0	 	 	-0.9823
1299	 	0	 	4	 	6.283	 	3	 	0	 	 	-4.737
1300	 	0	 	5	 	0	 	0	 	0	 	 	3.61
1301	 	0	 	5	 	0	 	1	 	0	 	 	-1.109
1302	 	0	 	5	 	0	 	2	 	0	 	 	-1.999
1303	 	0	 	5	 	0	 	3	 	0	 	 	-1.096
1304	 	0	 	5	 	1.571	 	0	 	3	 	 	-1
1305	 	0	 	5	 	1.571	 	1	 	3	 	 	-0.7807
1306	 	0	 	5	 	1.571	 	2	 	3	 	 	-0.7324
1307	 	0	 	5	 	1.571	 	3	 	3	 	 	8.293
1308	 	0	 	5	 	3.142	 	0	 	1	 	 	-0.5089
1309	 	0	 	5	 	3.142	 	1	 	1	 	 	16.78
1310	 	0	 	5	 	3.142	 	2	 	1	 	 	-0.5477
1311	 	0	 	5	 	3.142	 	3	 	1	 	 	-0.53
1312	 	0	 	5	 	4.712	 	0	 	0	 	 	4.327
1313	 	0	 	5	 	4.712	 	1	 	0	 	 	-4.189
1314	 	0	 	5	 	4.712	 	2	 	0	 	 	-2.796
1315	 	0	 	5	 	4.712	 	3	 	0	 	 	-1.395
1316	 	0	 	5	 	6.283	 	0	 	0	 	 	14.11
1317	 	0	 	5	 	6.283	 	1	 	0	 	 	-1.418
1318	 	0	 	5	 	6.283	 	2	 	0	 	 	-1.366
1319	 	0	 	5	 	6.283	 	3	 	0	 	 	-2.738
1320	 	1	 	-5	 	0	 	0	 	3	 	 	-1.003
1321	 	1	 	-5	 	0	 	1	 	3	 	 	-1.006
1322	 	1	 	-5	 	0	 	2	 	3	 	 	-1
1323	 	1	 	-5	 	0	 	3	 	3	 	 	2.246
1324	 	1	 	-5	 	1.571	 	0	 	0	 	 	9.491
1325	 	1	 	-5	 	1.571	 	1	 	0	 	 	-1
1326	 	1	 	-5	 	1.571	 	2	 	0	 	 	-0.6511
1327	 	1	 	-5	 	1.571	 	3	 	0	 	 	-0.5583
1328	 	1	 	-5	 	3.142	 	0	 	3	 	 	-0.5026
1329	 	1	 	-5	 	3.142	 	1	 	3	 	 	-0.5002
1330	 	1	 	-5	 	3.142	 	2	 	3	 	 	-0.4344
1331	 	1	 	-5	 	3.142	 	3	 	3	 	 	15.64
1332	 	1	 	-5	 	4.712	 	0	 	1	 	 	-3.506
1333	 	1	 	-5	 	4.712	 	1	 	1	 	 	16.89
1334	 	1	 	-5	 	4.712	 	2	 	1	 	 	-2.761
1335	 	1	 	-5	 	4.712	 	3	 	1	 	 	-1.301
1336	 	1	 	-5	 	6.283	 	0	 	2	 	 	-1.776
1337	 	1	 	-5	 	6.283	 	1	 	2	 	 	-1.765
1338	 	1	 	-5	 	6.283	 	2	 	2	 	 	15.67
1339	 	1	 	-5	 	6.283	 	3	 	2	 	 	-1.968
1340	 	1	 	-4	 	0	 	0	 	3	 	 	-0.7151
1341	 	1	 	-4	 	0	 	1	 	3	 	 	-0.6899
1342	 	1	 	-4	 	0	 	2	 	3	 	 	-1
1343	 	1	 	-4	 	0	 	3	 	3	 	 	6.556
1344	 	1	 	-4	 	1.571	 	0	 	3	 	 	-0.476
1345	 	1	 	-4	 	1.571	 	1	 	3	 	 	-0.4996
1346	 	1	 	-4	 	1.571	 	2	 	3	 	 	-0.425
1347	 	1	 	-4	 	1.571	 	3	 	3	 	 	14.47
1348	 	1	 	-4	 	3.142	 	0	 	3	 	 	-0.3015
1349	 	1	 	-4	 	3.142	 	1	 	3	 	 	-0.2908
1350	 	1	 	-4	 	3.142	 	2	 	3	 	 	-0.3175
1351	 	1	 	-4	 	3.142	 	3	 	3	 	 	16.89
1352	 	1	 	-4	 	4.712	 	0	 	1	 	 	-1.02
1353	 	1	 	-4	 	4.712	 	1	 	1	 	 	18.07
1354	 	1	 	-4	 	4.712	 	2	 	1	 	 	-4.806
1355	 	1	 	-4	 	4.712	 	3	 	1	 	 	-1.078
1356	 	1	 	-4	 	6.283	 	0	 	2	 	 	-1.441
1357	 	1	 	-4	 	6.283	 	1	 	2	 	 	-1.462
1358	 	1	 	-4	 	6.283	 	2	 	2	 	 	16.87
1359	 	1	 	-4	 	6.283	 	3	 	2	 	 	-4.225
1360	 	1	 	-3	 	0	 	0	 	3	 	 	-0.6026
1361	 	1	 	-3	 	0	 	1	 	3	 	 	-0.5976
1362	 	1	 	-3	 	0	 	2	 	3	 	 	-1
1363	 	1	 	-3	 	0	 	3	 	3	 	 	6.399
1364	 	1	 	-3	 	1.571	 	0	 	3	 	 	-0.3805
1365	 	1	 	-3	 	1.571	 	1	 	3	 	 	-0.4157
1366	 	1	 	-3	 	1.571	 	2	 	3	 	 	-0.4091
1367	 	1	 	-3	 	1.571	 	3	 	3	 	 	14.34
1368	 	1	 	-3	 	3.142	 	0	 	3	 	 	-0.1999
1369	 	1	 	-3	 	3.142	 	1	 	3	 	 	-0.19
1370	 	1	 	-3	 	3.142	 	2	 	3	 	 	-0.2187
1371	 	1	 	-3	 	3.142	 	3	 	3	 	 	18.07
1372	 	1	 	-3	 	4.712	 	0	 	1	 	 	-0.6703
1373	 	1	 	-3	 	4.712	 	1	 	1	 	 	19.26
1374	 	1	 	-3	 	4.712	 	2	 	1	 	 	-3.533
1375	 	1	 	-3	 	4.712	 	3	 	1	 	 	-0.8282
1376	 	1	 	-3	 	6.283	 	0	 	2	 	 	-1.065
1377	 	1	 	-3	 	6.283	 	1	 	2	 	 	-1.007
1378	 	1	 	-3	 	6.283	 	2	 	2	 	 	18.07
1379	 	1	 	-3	 	6.283	 	3	 	2	 	 	-4.241
1380	 	1	 	-2	 	0	 	0	 	3	 	 	-0.524
1381	 	1	 	-2	 	0	 	1	 	3	 	 	-0.4956
1382	 	1	 	-2	 	0	 	2	 	3	 	 	-1
1383	 	1	 	-2	 	0	 	3	 	3	 	 	6.87
1384	 	1	 	-2	 	1.571	 	0	 	3	 	 	-0.2809
1385	 	1	 	-2	 	1.571	 	1	 	3	 	 	-0.3089
1386	 	1	 	-2	 	1.571	 	2	 	3	 	 	-0.2187
1387	 	1	 	-2	 	1.571	 	3	 	3	 	 	15.01
1388	 	1	 	-2	 	3.142	 	0	 	3	 	 	-0.1
1389	 	1	 	-2	 	3.142	 	1	 	3	 	 	-0.1
1390	 	1	 	-2	 	3.142	 	2	 	3	 	 	-0.19
1391	 	1	 	-2	 	3.142	 	3	 	3	 	 	19.26
1392	 	1	 	-2	 	4.712	 	0	 	1	 	 	-0.4507
1393	 	1	 	-2	 	4.712	 	1	 	1	 	 	20.47
1394	 	1	 	-2	 	4.712	 	2	 	1	 	 	-2.72
1395	 	1	 	-2	 	4.712	 	3	 	1	 	 	-0.4075
1396	 	1	 	-2	 	6.283	 	0	 	2	 	 	-0.6977
1397	 	1	 	-2	 	6.283	 	1	 	2	 	 	-0.7334
1398	 	1	 	-2	 	6.283	 	2	 	2	 	 	19.22
1399	 	1	 	-2	 	6.283	 	3	 	2	 	 	-2.746
1400	 	1	 	-1	 	0	 	0	 	3	 	 	-0.522
1401	 	1	 	-1	 	0	 	1	 	3	 	 	-0.5047
1402	 	1	 	-1	 	0	 	2	 	3	 	 	-1
1403	 	1	 	-1	 	0	 	3	 	3	 	 	16.55
1404	 	1	 	-1	 	1.571	 	0	 	3	 	 	-0.19
1405	 	1	 	-1	 	1.571	 	1	 	3	 	 	-0.2088
1406	 	1	 	-1	 	1.571	 	2	 	3	 	 	-0.2098
1407	 	1	 	-1	 	1.571	 	3	 	3	 	 	18.86
1408	 	1	 	-1	 	3.142	 	0	 	3	 	 	-0.1
1409	 	1	 	-1	 	3.142	 	1	 	3	 	 	-0.1
1410	 	1	 	-1	 	3.142	 	2	 	3	 	 	-0.1099
1411	 	1	 	-1	 	3.142	 	3	 	3	 	 	20.47
1412	 	1	 	-1	 	4.712	 	0	 	1	 	 	-0.3135
1413	 	1	 	-1	 	4.712	 	1	 	1	 	 	21.69
1414	 	1	 	-1	 	4.712	 	2	 	1	 	 	-4.072
1415	 	1	 	-1	 	4.712	 	3	 	1	 	 	0.1494
1416	 	1	 	-1	 	6.283	 	0	 	2	 	 	-0.4039
1417	 	1	 	-1	 	6.283	 	1	 	2	 	 	-0.3808
1418	 	1	 	-1	 	6.283	 	2	 	2	 	 	20.4
1419	 	1	 	-1	 	6.283	 	3	 	2	 	 	-1
1420	 	1	 	0	 	0	 	0	 	3	 	 	-0.19
1421	 	1	 	0	 	0	 	1	 	3	 	 	-0.1999
1422	 	1	 	0	 	0	 	2	 	3	 	 	-1
1423	 	1	 	0	 	0	 	3	 	3	 	 	18.58
1424	 	1	 	0	 	1.571	 	0	 	0	 	 	22.96
1425	 	1	 	0	 	1.571	 	1	 	0	 	 	0
1426	 	1	 	0	 	1.571	 	2	 	0	 	 	-0.1099
1427	 	1	 	0	 	1.571	 	3	 	0	 	 	-0.1
1428	 	1	 	0	 	3.142	 	0	 	3	 	 	-0.1
1429	 	1	 	0	 	3.142	 	1	 	3	 	 	0
1430	 	1	 	0	 	3.142	 	2	 	3	 	 	0
1431	 	1	 	0	 	3.142	 	3	 	3	 	 	21.07
1432	 	1	 	0	 	4.712	 	0	 	1	 	 	0.05524
1433	 	1	 	0	 	4.712	 	1	 	1	 	 	22.91
1434	 	1	 	0	 	4.712	 	2	 	1	 	 	-0.06862
1435	 	1	 	0	 	4.712	 	3	 	1	 	 	0.2121
1436	 	1	 	0	 	6.283	 	0	 	2	 	 	-0.3054
1437	 	1	 	0	 	6.283	 	1	 	2	 	 	-0.2656
1438	 	1	 	0	 	6.283	 	2	 	2	 	 	21.66
1439	 	1	 	0	 	6.283	 	3	 	2	 	 	-1.9
1440	 	1	 	1	 	0	 	0	 	0	 	 	11.57
1441	 	1	 	1	 	0	 	1	 	0	 	 	0
1442	 	1	 	1	 	0	 	2	 	0	 	 	0
1443	 	1	 	1	 	0	 	3	 	0	 	 	0
1444	 	1	 	1	 	1.571	 	0	 	0	 	 	14.72
1445	 	1	 	1	 	1.571	 	1	 	0	 	 	0
1446	 	1	 	1	 	1.571	 	2	 	0	 	 	0
1447	 	1	 	1	 	1.571	 	3	 	0	 	 	0
1448	 	1	 	1	 	3.142	 	0	 	0	 	 	12.18
1449	 	1	 	1	 	3.142	 	1	 	0	 	 	0
1450	 	1	 	1	 	3.142	 	2	 	0	 	 	0
1451	 	1	 	1	 	3.142	 	3	 	0	 	 	0
1452	 	1	 	1	 	4.712	 	0	 	0	 	 	13.05
1453	 	1	 	1	 	4.712	 	1	 	0	 	 	0
1454	 	1	 	1	 	4.712	 	2	 	0	 	 	0
1455	 	1	 	1	 	4.712	 	3	 	0	 	 	0
1456	 	1	 	1	 	6.283	 	0	 	1	 	 	-0.1
1457	 	1	 	1	 	6.283	 	1	 	1	 	 	17.38
1458	 	1	 	1	 	6.283	 	2	 	1	 	 	0
1459	 	1	 	1	 	6.283	 	3	 	1	 	 	0
1460	 	1	 	2	 	0	 	0	 	3	 	 	-0.19
1461	 	1	 	2	 	0	 	1	 	3	 	 	-0.1999
1462	 	1	 	2	 	0	 	2	 	3	 	 	-1
1463	 	1	 	2	 	0	 	3	 	3	 	 	21.28
1464	 	1	 	2	 	1.571	 	0	 	1	 	 	-0.1999
1465	 	1	 	2	 	1.571	 	1	 	1	 	 	24.37
1466	 	1	 	2	 	1.571	 	2	 	1	 	 	0
1467	 	1	 	2	 	1.571	 	3	 	1	 	 	0
1468	 	1	 	2	 	3.142	 	0	 	2	 	 	-0.1
1469	 	1	 	2	 	3.142	 	1	 	2	 	 	-0.1
1470	 	1	 	2	 	3.142	 	2	 	2	 	 	18.34
1471	 	1	 	2	 	3.142	 	3	 	2	 	 	0
1472	 	1	 	2	 	4.712	 	0	 	0	 	 	22.91
1473	 	1	 	2	 	4.712	 	1	 	0	 	 	0.2414
1474	 	1	 	2	 	4.712	 	2	 	0	 	 	-0.8119
1475	 	1	 	2	 	4.712	 	3	 	0	 	 	-0.02401
1476	 	1	 	2	 	6.283	 	0	 	2	 	 	-0.2809
1477	 	1	 	2	 	6.283	 	1	 	2	 	 	-0.2088
1478	 	1	 	2	 	6.283	 	2	 	2	 	 	21.29
1479	 	1	 	2	 	6.283	 	3	 	2	 	 	-2.71
1480	 	1	 	3	 	0	 	0	 	3	 	 	-0.4885
1481	 	1	 	3	 	0	 	1	 	3	 	 	-0.4285
1482	 	1	 	3	 	0	 	2	 	3	 	 	-1
1483	 	1	 	3	 	0	 	3	 	3	 	 	18.11
1484	 	1	 	3	 	1.571	 	0	 	1	 	 	-0.2917
1485	 	1	 	3	 	1.571	 	1	 	1	 	 	21.47
1486	 	1	 	3	 	1.571	 	2	 	1	 	 	-0.19
1487	 	1	 	3	 	1.571	 	3	 	1	 	 	-0.19
1488	 	1	 	3	 	3.142	 	0	 	3	 	 	-0.1
1489	 	1	 	3	 	3.142	 	1	 	3	 	 	-0.1
1490	 	1	 	3	 	3.142	 	2	 	3	 	 	-0.1
1491	 	1	 	3	 	3.142	 	3	 	3	 	 	20.32
1492	 	1	 	3	 	4.712	 	0	 	0	 	 	21.69
1493	 	1	 	3	 	4.712	 	1	 	0	 	 	-0.2088
1494	 	1	 	3	 	4.712	 	2	 	0	 	 	-1.868
1495	 	1	 	3	 	4.712	 	3	 	0	 	 	-0.3245
1496	 	1	 	3	 	6.283	 	0	 	2	 	 	-0.4001
1497	 	1	 	3	 	6.283	 	1	 	2	 	 	-0.4427
1498	 	1	 	3	 	6.283	 	2	 	2	 	 	20.25
1499	 	1	 	3	 	6.283	 	3	 	2	 	 	-3.497
1500	 	1	 	4	 	0	 	0	 	3	 	 	-0.6229
1501	 	1	 	4	 	0	 	1	 	3	 	 	-0.5724
1502	 	1	 	4	 	0	 	2	 	3	 	 	-1
1503	 	1	 	4	 	0	 	3	 	3	 	 	5.665
1504	 	1	 	4	 	1.571	 	0	 	3	 	 	-0.2997
1505	 	1	 	4	 	1.571	 	1	 	3	 	 	-0.3067
1506	 	1	 	4	 	1.571	 	2	 	3	 	 	-0.3292
1507	 	1	 	4	 	1.571	 	3	 	3	 	 	14.02
1508	 	1	 	4	 	3.142	 	0	 	3	 	 	-0.1999
1509	 	1	 	4	 	3.142	 	1	 	3	 	 	-0.1999
1510	 	1	 	4	 	3.142	 	2	 	3	 	 	-0.1099
1511	 	1	 	4	 	3.142	 	3	 	3	 	 	19.26
1512	 	1	 	4	 	4.712	 	0	 	0	 	 	20.47
1513	 	1	 	4	 	4.712	 	1	 	0	 	 	-0.4087
1514	 	1	 	4	 	4.712	 	2	 	0	 	 	-3.378
1515	 	1	 	4	 	4.712	 	3	 	0	 	 	-0.4001
1516	 	1	 	4	 	6.283	 	0	 	2	 	 	-0.5716
1517	 	1	 	4	 	6.283	 	1	 	2	 	 	-0.5945
1518	 	1	 	4	 	6.283	 	2	 	2	 	 	19.24
1519	 	1	 	4	 	6.283	 	3	 	2	 	 	-2.74
1520	 	1	 	5	 	0	 	0	 	3	 	 	-0.8501
1521	 	1	 	5	 	0	 	1	 	3	 	 	-0.8607
1522	 	1	 	5	 	0	 	2	 	3	 	 	-1
1523	 	1	 	5	 	0	 	3	 	3	 	 	9.687
1524	 	1	 	5	 	1.571	 	0	 	3	 	 	-3.439
1525	 	1	 	5	 	1.571	 	1	 	3	 	 	-0.4411
1526	 	1	 	5	 	1.571	 	2	 	3	 	 	-0.4866
1527	 	1	 	5	 	1.571	 	3	 	3	 	 	14.42
1528	 	1	 	5	 	3.142	 	0	 	3	 	 	-0.3176
1529	 	1	 	5	 	3.142	 	1	 	3	 	 	-0.2997
1530	 	1	 	5	 	3.142	 	2	 	3	 	 	-0.318
1531	 	1	 	5	 	3.142	 	3	 	3	 	 	18.07
1532	 	1	 	5	 	4.712	 	0	 	0	 	 	19.26
1533	 	1	 	5	 	4.712	 	1	 	0	 	 	-1.954
1534	 	1	 	5	 	4.712	 	2	 	0	 	 	-2.786
1535	 	1	 	5	 	4.712	 	3	 	0	 	 	-0.6593
1536	 	1	 	5	 	6.283	 	0	 	2	 	 	-1.074
1537	 	1	 	5	 	6.283	 	1	 	2	 	 	-1.034
1538	 	1	 	5	 	6.283	 	2	 	2	 	 	17.83
1539	 	1	 	5	 	6.283	 	3	 	2	 	 	-2.773
1540	 	2	 	-5	 	0	 	0	 	3	 	 	-1.284
1541	 	2	 	-5	 	0	 	1	 	3	 	 	-1.192
1542	 	2	 	-5	 	0	 	2	 	3	 	 	-1.999
1543	 	2	 	-5	 	0	 	3	 	3	 	 	3.239
1544	 	2	 	-5	 	1.571	 	0	 	0	 	 	9.07
1545	 	2	 	-5	 	1.571	 	1	 	0	 	 	-1.9
1546	 	2	 	-5	 	1.571	 	2	 	0	 	 	-0.97
1547	 	2	 	-5	 	1.571	 	3	 	0	 	 	-0.8624
1548	 	2	 	-5	 	3.142	 	0	 	0	 	 	13.5
1549	 	2	 	-5	 	3.142	 	1	 	0	 	 	-0.7318
1550	 	2	 	-5	 	3.142	 	2	 	0	 	 	-0.6474
1551	 	2	 	-5	 	3.142	 	3	 	0	 	 	-0.6485
1552	 	2	 	-5	 	4.712	 	0	 	3	 	 	-4.139
1553	 	2	 	-5	 	4.712	 	1	 	3	 	 	-2.06
1554	 	2	 	-5	 	4.712	 	2	 	3	 	 	-4.248
1555	 	2	 	-5	 	4.712	 	3	 	3	 	 	6.685
1556	 	2	 	-5	 	6.283	 	0	 	1	 	 	-2.031
1557	 	2	 	-5	 	6.283	 	1	 	1	 	 	13.7
1558	 	2	 	-5	 	6.283	 	2	 	1	 	 	-2.057
1559	 	2	 	-5	 	6.283	 	3	 	1	 	 	-2.786
1560	 	2	 	-4	 	0	 	0	 	3	 	 	-0.9262
1561	 	2	 	-4	 	0	 	1	 	3	 	 	-0.8589
1562	 	2	 	-4	 	0	 	2	 	3	 	 	-1
1563	 	2	 	-4	 	0	 	3	 	3	 	 	8.908
1564	 	2	 	-4	 	1.571	 	0	 	3	 	 	-0.6862
1565	 	2	 	-4	 	1.571	 	1	 	3	 	 	-0.6795
1566	 	2	 	-4	 	1.571	 	2	 	3	 	 	-0.7236
1567	 	2	 	-4	 	1.571	 	3	 	3	 	 	13.6
1568	 	2	 	-4	 	3.142	 	0	 	0	 	 	15.71
1569	 	2	 	-4	 	3.142	 	1	 	0	 	 	-0.5014
1570	 	2	 	-4	 	3.142	 	2	 	0	 	 	-0.5188
1571	 	2	 	-4	 	3.142	 	3	 	0	 	 	-0.6363
1572	 	2	 	-4	 	4.712	 	0	 	3	 	 	-1.77
1573	 	2	 	-4	 	4.712	 	1	 	3	 	 	-1.798
1574	 	2	 	-4	 	4.712	 	2	 	3	 	 	-6.781
1575	 	2	 	-4	 	4.712	 	3	 	3	 	 	6.085
1576	 	2	 	-4	 	6.283	 	0	 	1	 	 	-1.734
1577	 	2	 	-4	 	6.283	 	1	 	1	 	 	15.33
1578	 	2	 	-4	 	6.283	 	2	 	1	 	 	-1.713
1579	 	2	 	-4	 	6.283	 	3	 	1	 	 	-2.758
1580	 	2	 	-3	 	0	 	0	 	3	 	 	-0.8314
1581	 	2	 	-3	 	0	 	1	 	3	 	 	-0.7918
1582	 	2	 	-3	 	0	 	2	 	3	 	 	-1
1583	 	2	 	-3	 	0	 	3	 	3	 	 	6.465
1584	 	2	 	-3	 	1.571	 	0	 	3	 	 	-0.5764
1585	 	2	 	-3	 	1.571	 	1	 	3	 	 	-0.6079
1586	 	2	 	-3	 	1.571	 	2	 	3	 	 	-0.6451
1587	 	2	 	-3	 	1.571	 	3	 	3	 	 	12.48
1588	 	2	 	-3	 	3.142	 	0	 	0	 	 	16.68
1589	 	2	 	-3	 	3.142	 	1	 	0	 	 	-0.3185
1590	 	2	 	-3	 	3.142	 	2	 	0	 	 	-0.3346
1591	 	2	 	-3	 	3.142	 	3	 	0	 	 	-0.4144
1592	 	2	 	-3	 	4.712	 	0	 	3	 	 	-1.389
1593	 	2	 	-3	 	4.712	 	1	 	3	 	 	-1.4
1594	 	2	 	-3	 	4.712	 	2	 	3	 	 	-3.496
1595	 	2	 	-3	 	4.712	 	3	 	3	 	 	12.14
1596	 	2	 	-3	 	6.283	 	0	 	1	 	 	-1.281
1597	 	2	 	-3	 	6.283	 	1	 	1	 	 	16.82
1598	 	2	 	-3	 	6.283	 	2	 	1	 	 	-1.249
1599	 	2	 	-3	 	6.283	 	3	 	1	 	 	-2.779
1600	 	2	 	-2	 	0	 	0	 	3	 	 	-0.6923
1601	 	2	 	-2	 	0	 	1	 	3	 	 	-0.7296
1602	 	2	 	-2	 	0	 	2	 	3	 	 	-1
1603	 	2	 	-2	 	0	 	3	 	3	 	 	7.514
1604	 	2	 	-2	 	1.571	 	0	 	3	 	 	-0.4692
1605	 	2	 	-2	 	1.571	 	1	 	3	 	 	-0.4862
1606	 	2	 	-2	 	1.571	 	2	 	3	 	 	-0.4395
1607	 	2	 	-2	 	1.571	 	3	 	3	 	 	14.29
1608	 	2	 	-2	 	3.142	 	0	 	0	 	 	18.03
1609	 	2	 	-2	 	3.142	 	1	 	0	 	 	-0.1999
1610	 	2	 	-2	 	3.142	 	2	 	0	 	 	-0.2088
1611	 	2	 	-2	 	3.142	 	3	 	0	 	 	-0.3376
1612	 	2	 	-2	 	4.712	 	0	 	3	 	 	-1.149
1613	 	2	 	-2	 	4.712	 	1	 	3	 	 	-1.041
1614	 	2	 	-2	 	4.712	 	2	 	3	 	 	-2.747
1615	 	2	 	-2	 	4.712	 	3	 	3	 	 	11.14
1616	 	2	 	-2	 	6.283	 	0	 	1	 	 	-0.9104
1617	 	2	 	-2	 	6.283	 	1	 	1	 	 	17.43
1618	 	2	 	-2	 	6.283	 	2	 	1	 	 	-0.8618
1619	 	2	 	-2	 	6.283	 	3	 	1	 	 	-1.9
1620	 	2	 	-1	 	0	 	0	 	1	 	 	-0.7294
1621	 	2	 	-1	 	0	 	1	 	1	 	 	12.72
1622	 	2	 	-1	 	0	 	2	 	1	 	 	-1
1623	 	2	 	-1	 	0	 	3	 	1	 	 	-0.6565
1624	 	2	 	-1	 	1.571	 	0	 	3	 	 	-0.4568
1625	 	2	 	-1	 	1.571	 	1	 	3	 	 	-0.4976
1626	 	2	 	-1	 	1.571	 	2	 	3	 	 	-0.5285
1627	 	2	 	-1	 	1.571	 	3	 	3	 	 	12.42
1628	 	2	 	-1	 	3.142	 	0	 	0	 	 	19.05
1629	 	2	 	-1	 	3.142	 	1	 	0	 	 	-0.1999
1630	 	2	 	-1	 	3.142	 	2	 	0	 	 	-0.2268
1631	 	2	 	-1	 	3.142	 	3	 	0	 	 	-0.1638
1632	 	2	 	-1	 	4.712	 	0	 	3	 	 	-0.7687
1633	 	2	 	-1	 	4.712	 	1	 	3	 	 	-0.6586
1634	 	2	 	-1	 	4.712	 	2	 	3	 	 	-1
1635	 	2	 	-1	 	4.712	 	3	 	3	 	 	11.93
1636	 	2	 	-1	 	6.283	 	0	 	1	 	 	-0.5786
1637	 	2	 	-1	 	6.283	 	1	 	1	 	 	18.69
1638	 	2	 	-1	 	6.283	 	2	 	1	 	 	-0.5678
1639	 	2	 	-1	 	6.283	 	3	 	1	 	 	-2.738
1640	 	2	 	0	 	0	 	0	 	1	 	 	-0.2898
1641	 	2	 	0	 	0	 	1	 	1	 	 	10.65
1642	 	2	 	0	 	0	 	2	 	1	 	 	-1
1643	 	2	 	0	 	0	 	3	 	1	 	 	-0.2992
1644	 	2	 	0	 	1.571	 	0	 	3	 	 	-0.3196
1645	 	2	 	0	 	1.571	 	1	 	3	 	 	-0.3328
1646	 	2	 	0	 	1.571	 	2	 	3	 	 	-0.3237
1647	 	2	 	0	 	1.571	 	3	 	3	 	 	11.07
1648	 	2	 	0	 	3.142	 	0	 	0	 	 	17.22
1649	 	2	 	0	 	3.142	 	1	 	0	 	 	-0.1
1650	 	2	 	0	 	3.142	 	2	 	0	 	 	-0.1
1651	 	2	 	0	 	3.142	 	3	 	0	 	 	-0.1
1652	 	2	 	0	 	4.712	 	0	 	3	 	 	-0.4623
1653	 	2	 	0	 	4.712	 	1	 	3	 	 	-0.4156
1654	 	2	 	0	 	4.712	 	2	 	3	 	 	-1
1655	 	2	 	0	 	4.712	 	3	 	3	 	 	13.8
1656	 	2	 	0	 	6.283	 	0	 	1	 	 	-0.3707
1657	 	2	 	0	 	6.283	 	1	 	1	 	 	19.98
1658	 	2	 	0	 	6.283	 	2	 	1	 	 	-0.3077
1659	 	2	 	0	 	6.283	 	3	 	1	 	 	-1.927
1660	 	2	 	1	 	0	 	0	 	1	 	 	-0.1
1661	 	2	 	1	 	0	 	1	 	1	 	 	20.07
1662	 	2	 	1	 	0	 	2	 	1	 	 	0
1663	 	2	 	1	 	0	 	3	 	1	 	 	0
1664	 	2	 	1	 	1.571	 	0	 	3	 	 	-0.1
1665	 	2	 	1	 	1.571	 	1	 	3	 	 	-0.1
1666	 	2	 	1	 	1.571	 	2	 	3	 	 	-0.1
1667	 	2	 	1	 	1.571	 	3	 	3	 	 	12.58
1668	 	2	 	1	 	3.142	 	0	 	0	 	 	19.82
1669	 	2	 	1	 	3.142	 	1	 	0	 	 	0
1670	 	2	 	1	 	3.142	 	2	 	0	 	 	0
1671	 	2	 	1	 	3.142	 	3	 	0	 	 	0
1672	 	2	 	1	 	4.712	 	0	 	3	 	 	-0.2997
1673	 	2	 	1	 	4.712	 	1	 	3	 	 	-0.2098
1674	 	2	 	1	 	4.712	 	2	 	3	 	 	-1
1675	 	2	 	1	 	4.712	 	3	 	3	 	 	21.49
1676	 	2	 	1	 	6.283	 	0	 	1	 	 	-0.206
1677	 	2	 	1	 	6.283	 	1	 	1	 	 	27.21
1678	 	2	 	1	 	6.283	 	2	 	1	 	 	-0.1
1679	 	2	 	1	 	6.283	 	3	 	1	 	 	-1.712
1680	 	2	 	2	 	0	 	0	 	1	 	 	-0.3096
1681	 	2	 	2	 	0	 	1	 	1	 	 	14.97
1682	 	2	 	2	 	0	 	2	 	1	 	 	-1
1683	 	2	 	2	 	0	 	3	 	1	 	 	-0.3006
1684	 	2	 	2	 	1.571	 	0	 	1	 	 	-0.2997
1685	 	2	 	2	 	1.571	 	1	 	1	 	 	3.67
1686	 	2	 	2	 	1.571	 	2	 	1	 	 	-0.3157
1687	 	2	 	2	 	1.571	 	3	 	1	 	 	-0.2927
1688	 	2	 	2	 	3.142	 	0	 	0	 	 	9.932
1689	 	2	 	2	 	3.142	 	1	 	0	 	 	-0.2098
1690	 	2	 	2	 	3.142	 	2	 	0	 	 	-0.2177
1691	 	2	 	2	 	3.142	 	3	 	0	 	 	-0.2207
1692	 	2	 	2	 	4.712	 	0	 	0	 	 	10.1
1693	 	2	 	2	 	4.712	 	1	 	0	 	 	-0.4445
1694	 	2	 	2	 	4.712	 	2	 	0	 	 	-1.9
1695	 	2	 	2	 	4.712	 	3	 	0	 	 	-0.399
1696	 	2	 	2	 	6.283	 	0	 	1	 	 	-0.3789
1697	 	2	 	2	 	6.283	 	1	 	1	 	 	17.62
1698	 	2	 	2	 	6.283	 	2	 	1	 	 	-0.3086
1699	 	2	 	2	 	6.283	 	3	 	1	 	 	-4.129
1700	 	2	 	3	 	0	 	0	 	1	 	 	-0.6246
1701	 	2	 	3	 	0	 	1	 	1	 	 	12.41
1702	 	2	 	3	 	0	 	2	 	1	 	 	-1
1703	 	2	 	3	 	0	 	3	 	1	 	 	-0.5623
1704	 	2	 	3	 	1.571	 	0	 	3	 	 	-0.4084
1705	 	2	 	3	 	1.571	 	1	 	3	 	 	-0.4542
1706	 	2	 	3	 	1.571	 	2	 	3	 	 	-0.5004
1707	 	2	 	3	 	1.571	 	3	 	3	 	 	8.574
1708	 	2	 	3	 	3.142	 	0	 	0	 	 	16.3
1709	 	2	 	3	 	3.142	 	1	 	0	 	 	-0.1999
1710	 	2	 	3	 	3.142	 	2	 	0	 	 	-0.2178
1711	 	2	 	3	 	3.142	 	3	 	0	 	 	-0.3101
1712	 	2	 	3	 	4.712	 	0	 	3	 	 	-0.6809
1713	 	2	 	3	 	4.712	 	1	 	3	 	 	-0.7893
1714	 	2	 	3	 	4.712	 	2	 	3	 	 	-4.131
1715	 	2	 	3	 	4.712	 	3	 	3	 	 	10.64
1716	 	2	 	3	 	6.283	 	0	 	1	 	 	-0.6434
1717	 	2	 	3	 	6.283	 	1	 	1	 	 	17.55
1718	 	2	 	3	 	6.283	 	2	 	1	 	 	-0.5812
1719	 	2	 	3	 	6.283	 	3	 	1	 	 	-1.929
1720	 	2	 	4	 	0	 	0	 	3	 	 	-0.8087
1721	 	2	 	4	 	0	 	1	 	3	 	 	-0.8121
1722	 	2	 	4	 	0	 	2	 	3	 	 	-1
1723	 	2	 	4	 	0	 	3	 	3	 	 	7.813
1724	 	2	 	4	 	1.571	 	0	 	3	 	 	-0.4809
1725	 	2	 	4	 	1.571	 	1	 	3	 	 	-0.4947
1726	 	2	 	4	 	1.571	 	2	 	3	 	 	-0.5394
1727	 	2	 	4	 	1.571	 	3	 	3	 	 	15.09
1728	 	2	 	4	 	3.142	 	0	 	0	 	 	18.02
1729	 	2	 	4	 	3.142	 	1	 	0	 	 	-0.3078
1730	 	2	 	4	 	3.142	 	2	 	0	 	 	-0.3264
1731	 	2	 	4	 	3.142	 	3	 	0	 	 	-0.2912
1732	 	2	 	4	 	4.712	 	0	 	3	 	 	-0.9593
1733	 	2	 	4	 	4.712	 	1	 	3	 	 	-0.974
1734	 	2	 	4	 	4.712	 	2	 	3	 	 	-6.263
1735	 	2	 	4	 	4.712	 	3	 	3	 	 	12.99
1736	 	2	 	4	 	6.283	 	0	 	1	 	 	-0.7957
1737	 	2	 	4	 	6.283	 	1	 	1	 	 	17.51
1738	 	2	 	4	 	6.283	 	2	 	1	 	 	-0.8066
1739	 	2	 	4	 	6.283	 	3	 	1	 	 	-3.504
1740	 	2	 	5	 	0	 	0	 	3	 	 	-1.018
1741	 	2	 	5	 	0	 	1	 	3	 	 	-0.9093
1742	 	2	 	5	 	0	 	2	 	3	 	 	-2.729
1743	 	2	 	5	 	0	 	3	 	3	 	 	7.601
1744	 	2	 	5	 	1.571	 	0	 	3	 	 	-2.72
1745	 	2	 	5	 	1.571	 	1	 	3	 	 	-0.586
1746	 	2	 	5	 	1.571	 	2	 	3	 	 	-0.6416
1747	 	2	 	5	 	1.571	 	3	 	3	 	 	12.68
1748	 	2	 	5	 	3.142	 	0	 	0	 	 	16.51
1749	 	2	 	5	 	3.142	 	1	 	0	 	 	-0.5141
1750	 	2	 	5	 	3.142	 	2	 	0	 	 	-0.4334
1751	 	2	 	5	 	3.142	 	3	 	0	 	 	-0.53
1752	 	2	 	5	 	4.712	 	0	 	0	 	 	6.043
1753	 	2	 	5	 	4.712	 	1	 	0	 	 	-1.936
1754	 	2	 	5	 	4.712	 	2	 	0	 	 	-1.939
1755	 	2	 	5	 	4.712	 	3	 	0	 	 	-1.335
1756	 	2	 	5	 	6.283	 	0	 	1	 	 	-1.356
1757	 	2	 	5	 	6.283	 	1	 	1	 	 	15.69
1758	 	2	 	5	 	6.283	 	2	 	1	 	 	-1.363
1759	 	2	 	5	 	6.283	 	3	 	1	 	 	-1.999
1760	 	3	 	-5	 	0	 	0	 	3	 	 	-1.588
1761	 	3	 	-5	 	0	 	1	 	3	 	 	-1.554
1762	 	3	 	-5	 	0	 	2	 	3	 	 	-1.9
1763	 	3	 	-5	 	0	 	3	 	3	 	 	0.6058
1764	 	3	 	-5	 	1.571	 	0	 	0	 	 	6.421
1765	 	3	 	-5	 	1.571	 	1	 	0	 	 	-1.999
1766	 	3	 	-5	 	1.571	 	2	 	0	 	 	-1.278
1767	 	3	 	-5	 	1.571	 	3	 	0	 	 	-1.238
1768	 	3	 	-5	 	3.142	 	0	 	0	 	 	10.31
1769	 	3	 	-5	 	3.142	 	1	 	0	 	 	-1.048
1770	 	3	 	-5	 	3.142	 	2	 	0	 	 	-1.052
1771	 	3	 	-5	 	3.142	 	3	 	0	 	 	-1.057
1772	 	3	 	-5	 	4.712	 	0	 	3	 	 	-4.801
1773	 	3	 	-5	 	4.712	 	1	 	3	 	 	-2.526
1774	 	3	 	-5	 	4.712	 	2	 	3	 	 	-3.484
1775	 	3	 	-5	 	4.712	 	3	 	3	 	 	3.19
1776	 	3	 	-5	 	6.283	 	0	 	1	 	 	-2.475
1777	 	3	 	-5	 	6.283	 	1	 	1	 	 	11.2
1778	 	3	 	-5	 	6.283	 	2	 	1	 	 	-2.441
1779	 	3	 	-5	 	6.283	 	3	 	1	 	 	-4.816
1780	 	3	 	-4	 	0	 	0	 	3	 	 	-1.03
1781	 	3	 	-4	 	0	 	1	 	3	 	 	-1.032
1782	 	3	 	-4	 	0	 	2	 	3	 	 	-1.999
1783	 	3	 	-4	 	0	 	3	 	3	 	 	2.97
1784	 	3	 	-4	 	1.571	 	0	 	3	 	 	-0.8484
1785	 	3	 	-4	 	1.571	 	1	 	3	 	 	-0.918
1786	 	3	 	-4	 	1.571	 	2	 	3	 	 	-0.8509
1787	 	3	 	-4	 	1.571	 	3	 	3	 	 	11.16
1788	 	3	 	-4	 	3.142	 	0	 	0	 	 	14.43
1789	 	3	 	-4	 	3.142	 	1	 	0	 	 	-0.6114
1790	 	3	 	-4	 	3.142	 	2	 	0	 	 	-0.6328
1791	 	3	 	-4	 	3.142	 	3	 	0	 	 	-0.6879
1792	 	3	 	-4	 	4.712	 	0	 	3	 	 	-2.163
1793	 	3	 	-4	 	4.712	 	1	 	3	 	 	-2.165
1794	 	3	 	-4	 	4.712	 	2	 	3	 	 	-4.301
1795	 	3	 	-4	 	4.712	 	3	 	3	 	 	4.023
1796	 	3	 	-4	 	6.283	 	0	 	1	 	 	-2.095
1797	 	3	 	-4	 	6.283	 	1	 	1	 	 	13.18
1798	 	3	 	-4	 	6.283	 	2	 	1	 	 	-2.002
1799	 	3	 	-4	 	6.283	 	3	 	1	 	 	-4.182
1800	 	3	 	-3	 	0	 	0	 	3	 	 	-1.171
1801	 	3	 	-3	 	0	 	1	 	3	 	 	-1.146
1802	 	3	 	-3	 	0	 	2	 	3	 	 	-1.999
1803	 	3	 	-3	 	0	 	3	 	3	 	 	5.143
1804	 	3	 	-3	 	1.571	 	0	 	3	 	 	-0.8165
1805	 	3	 	-3	 	1.571	 	1	 	3	 	 	-0.8049
1806	 	3	 	-3	 	1.571	 	2	 	3	 	 	-0.8735
1807	 	3	 	-3	 	1.571	 	3	 	3	 	 	11.01
1808	 	3	 	-3	 	3.142	 	0	 	0	 	 	14.9
1809	 	3	 	-3	 	3.142	 	1	 	0	 	 	-0.5098
1810	 	3	 	-3	 	3.142	 	2	 	0	 	 	-0.5587
1811	 	3	 	-3	 	3.142	 	3	 	0	 	 	-0.6771
1812	 	3	 	-3	 	4.712	 	0	 	3	 	 	-1.885
1813	 	3	 	-3	 	4.712	 	1	 	3	 	 	-1.813
1814	 	3	 	-3	 	4.712	 	2	 	3	 	 	-1.999
1815	 	3	 	-3	 	4.712	 	3	 	3	 	 	6.507
1816	 	3	 	-3	 	6.283	 	0	 	1	 	 	-1.635
1817	 	3	 	-3	 	6.283	 	1	 	1	 	 	15.07
1818	 	3	 	-3	 	6.283	 	2	 	1	 	 	-1.601
1819	 	3	 	-3	 	6.283	 	3	 	1	 	 	-5.89
1820	 	3	 	-2	 	0	 	0	 	3	 	 	-0.8604
1821	 	3	 	-2	 	0	 	1	 	3	 	 	-0.8818
1822	 	3	 	-2	 	0	 	2	 	3	 	 	-1
1823	 	3	 	-2	 	0	 	3	 	3	 	 	10.72
1824	 	3	 	-2	 	1.571	 	0	 	3	 	 	-0.6594
1825	 	3	 	-2	 	1.571	 	1	 	3	 	 	-0.6372
1826	 	3	 	-2	 	1.571	 	2	 	3	 	 	-0.6609
1827	 	3	 	-2	 	1.571	 	3	 	3	 	 	14.15
1828	 	3	 	-2	 	3.142	 	0	 	0	 	 	16.65
1829	 	3	 	-2	 	3.142	 	1	 	0	 	 	-0.4243
1830	 	3	 	-2	 	3.142	 	2	 	0	 	 	-0.3353
1831	 	3	 	-2	 	3.142	 	3	 	0	 	 	-0.3839
1832	 	3	 	-2	 	4.712	 	0	 	3	 	 	-1.526
1833	 	3	 	-2	 	4.712	 	1	 	3	 	 	-1.506
1834	 	3	 	-2	 	4.712	 	2	 	3	 	 	-2.729
1835	 	3	 	-2	 	4.712	 	3	 	3	 	 	6.62
1836	 	3	 	-2	 	6.283	 	0	 	1	 	 	-1.232
1837	 	3	 	-2	 	6.283	 	1	 	1	 	 	14.84
1838	 	3	 	-2	 	6.283	 	2	 	1	 	 	-1.283
1839	 	3	 	-2	 	6.283	 	3	 	1	 	 	-2.729
1840	 	3	 	-1	 	0	 	0	 	1	 	 	-1.049
1841	 	3	 	-1	 	0	 	1	 	1	 	 	5.406
1842	 	3	 	-1	 	0	 	2	 	1	 	 	-1.999
1843	 	3	 	-1	 	0	 	3	 	1	 	 	-1.017
1844	 	3	 	-1	 	1.571	 	0	 	0	 	 	5.033
1845	 	3	 	-1	 	1.571	 	1	 	0	 	 	-0.6362
1846	 	3	 	-1	 	1.571	 	2	 	0	 	 	-0.6161
1847	 	3	 	-1	 	1.571	 	3	 	0	 	 	-0.5812
1848	 	3	 	-1	 	3.142	 	0	 	0	 	 	16.7
1849	 	3	 	-1	 	3.142	 	1	 	0	 	 	-0.3015
1850	 	3	 	-1	 	3.142	 	2	 	0	 	 	-0.3077
1851	 	3	 	-1	 	3.142	 	3	 	0	 	 	-0.3793
1852	 	3	 	-1	 	4.712	 	0	 	1	 	 	-1.078
1853	 	3	 	-1	 	4.712	 	1	 	1	 	 	10.33
1854	 	3	 	-1	 	4.712	 	2	 	1	 	 	-1.9
1855	 	3	 	-1	 	4.712	 	3	 	1	 	 	-1.06
1856	 	3	 	-1	 	6.283	 	0	 	1	 	 	-0.856
1857	 	3	 	-1	 	6.283	 	1	 	1	 	 	15.6
1858	 	3	 	-1	 	6.283	 	2	 	1	 	 	-0.9301
1859	 	3	 	-1	 	6.283	 	3	 	1	 	 	-5.822
1860	 	3	 	0	 	0	 	0	 	3	 	 	-0.6281
1861	 	3	 	0	 	0	 	1	 	3	 	 	-0.5394
1862	 	3	 	0	 	0	 	2	 	3	 	 	-1.91
1863	 	3	 	0	 	0	 	3	 	3	 	 	7.579
1864	 	3	 	0	 	1.571	 	0	 	3	 	 	-0.3599
1865	 	3	 	0	 	1.571	 	1	 	3	 	 	-0.4284
1866	 	3	 	0	 	1.571	 	2	 	3	 	 	-0.4166
1867	 	3	 	0	 	1.571	 	3	 	3	 	 	13.06
1868	 	3	 	0	 	3.142	 	0	 	3	 	 	-0.19
1869	 	3	 	0	 	3.142	 	1	 	3	 	 	-0.2098
1870	 	3	 	0	 	3.142	 	2	 	3	 	 	-0.2187
1871	 	3	 	0	 	3.142	 	3	 	3	 	 	17.27
1872	 	3	 	0	 	4.712	 	0	 	1	 	 	-0.6845
1873	 	3	 	0	 	4.712	 	1	 	1	 	 	21.12
1874	 	3	 	0	 	4.712	 	2	 	1	 	 	-1.91
1875	 	3	 	0	 	4.712	 	3	 	1	 	 	-0.7015
1876	 	3	 	0	 	6.283	 	0	 	1	 	 	-0.6674
1877	 	3	 	0	 	6.283	 	1	 	1	 	 	16.93
1878	 	3	 	0	 	6.283	 	2	 	1	 	 	-0.6725
1879	 	3	 	0	 	6.283	 	3	 	1	 	 	-2.71
1880	 	3	 	1	 	0	 	0	 	1	 	 	-0.1999
1881	 	3	 	1	 	0	 	1	 	1	 	 	15.7
1882	 	3	 	1	 	0	 	2	 	1	 	 	-1
1883	 	3	 	1	 	0	 	3	 	1	 	 	-0.1
1884	 	3	 	1	 	1.571	 	0	 	3	 	 	-0.1999
1885	 	3	 	1	 	1.571	 	1	 	3	 	 	-0.1999
1886	 	3	 	1	 	1.571	 	2	 	3	 	 	-0.1894
1887	 	3	 	1	 	1.571	 	3	 	3	 	 	10.7
1888	 	3	 	1	 	3.142	 	0	 	3	 	 	-0.1
1889	 	3	 	1	 	3.142	 	1	 	3	 	 	-0.1
1890	 	3	 	1	 	3.142	 	2	 	3	 	 	-0.1099
1891	 	3	 	1	 	3.142	 	3	 	3	 	 	18.46
1892	 	3	 	1	 	4.712	 	0	 	3	 	 	-0.4048
1893	 	3	 	1	 	4.712	 	1	 	3	 	 	-0.5095
1894	 	3	 	1	 	4.712	 	2	 	3	 	 	-1
1895	 	3	 	1	 	4.712	 	3	 	3	 	 	24.45
1896	 	3	 	1	 	6.283	 	0	 	1	 	 	-0.3627
1897	 	3	 	1	 	6.283	 	1	 	1	 	 	25.94
1898	 	3	 	1	 	6.283	 	2	 	1	 	 	-0.3183
1899	 	3	 	1	 	6.283	 	3	 	1	 	 	-1
1900	 	3	 	2	 	0	 	0	 	1	 	 	-0.6816
1901	 	3	 	2	 	0	 	1	 	1	 	 	7.271
1902	 	3	 	2	 	0	 	2	 	1	 	 	-1
1903	 	3	 	2	 	0	 	3	 	1	 	 	-0.5779
1904	 	3	 	2	 	1.571	 	0	 	1	 	 	-0.5447
1905	 	3	 	2	 	1.571	 	1	 	1	 	 	2.316
1906	 	3	 	2	 	1.571	 	2	 	1	 	 	-0.5317
1907	 	3	 	2	 	1.571	 	3	 	1	 	 	-0.4379
1908	 	3	 	2	 	3.142	 	0	 	3	 	 	-0.2809
1909	 	3	 	2	 	3.142	 	1	 	3	 	 	-0.3099
1910	 	3	 	2	 	3.142	 	2	 	3	 	 	-0.2187
1911	 	3	 	2	 	3.142	 	3	 	3	 	 	10.26
1912	 	3	 	2	 	4.712	 	0	 	0	 	 	21.5
1913	 	3	 	2	 	4.712	 	1	 	0	 	 	-0.7349
1914	 	3	 	2	 	4.712	 	2	 	0	 	 	-4.77
1915	 	3	 	2	 	4.712	 	3	 	0	 	 	-0.6536
1916	 	3	 	2	 	6.283	 	0	 	1	 	 	-0.6863
1917	 	3	 	2	 	6.283	 	1	 	1	 	 	10.59
1918	 	3	 	2	 	6.283	 	2	 	1	 	 	-0.6239
1919	 	3	 	2	 	6.283	 	3	 	1	 	 	-1
1920	 	3	 	3	 	0	 	0	 	1	 	 	-0.8945
1921	 	3	 	3	 	0	 	1	 	1	 	 	1.863
1922	 	3	 	3	 	0	 	2	 	1	 	 	-1
1923	 	3	 	3	 	0	 	3	 	1	 	 	-0.8862
1924	 	3	 	3	 	1.571	 	0	 	3	 	 	-0.6497
1925	 	3	 	3	 	1.571	 	1	 	3	 	 	-0.7138
1926	 	3	 	3	 	1.571	 	2	 	3	 	 	-0.7583
1927	 	3	 	3	 	1.571	 	3	 	3	 	 	6.025
1928	 	3	 	3	 	3.142	 	0	 	3	 	 	-0.375
1929	 	3	 	3	 	3.142	 	1	 	3	 	 	-0.417
1930	 	3	 	3	 	3.142	 	2	 	3	 	 	-0.4529
1931	 	3	 	3	 	3.142	 	3	 	3	 	 	11.7
1932	 	3	 	3	 	4.712	 	0	 	0	 	 	17.33
1933	 	3	 	3	 	4.712	 	1	 	0	 	 	-1.078
1934	 	3	 	3	 	4.712	 	2	 	0	 	 	-4.185
1935	 	3	 	3	 	4.712	 	3	 	0	 	 	-1.026
1936	 	3	 	3	 	6.283	 	0	 	1	 	 	-0.9483
1937	 	3	 	3	 	6.283	 	1	 	1	 	 	12.15
1938	 	3	 	3	 	6.283	 	2	 	1	 	 	-0.9761
1939	 	3	 	3	 	6.283	 	3	 	1	 	 	-2.774
1940	 	3	 	4	 	0	 	0	 	3	 	 	-0.9515
1941	 	3	 	4	 	0	 	1	 	3	 	 	-0.9086
1942	 	3	 	4	 	0	 	2	 	3	 	 	-1
1943	 	3	 	4	 	0	 	3	 	3	 	 	5.127
1944	 	3	 	4	 	1.571	 	0	 	3	 	 	-0.7228
1945	 	3	 	4	 	1.571	 	1	 	3	 	 	-0.7212
1946	 	3	 	4	 	1.571	 	2	 	3	 	 	-0.7473
1947	 	3	 	4	 	1.571	 	3	 	3	 	 	12.85
1948	 	3	 	4	 	3.142	 	0	 	0	 	 	16.46
1949	 	3	 	4	 	3.142	 	1	 	0	 	 	-0.5231
1950	 	3	 	4	 	3.142	 	2	 	0	 	 	-0.4256
1951	 	3	 	4	 	3.142	 	3	 	0	 	 	-0.5474
1952	 	3	 	4	 	4.712	 	0	 	0	 	 	10.49
1953	 	3	 	4	 	4.712	 	1	 	0	 	 	-1.46
1954	 	3	 	4	 	4.712	 	2	 	0	 	 	-1.999
1955	 	3	 	4	 	4.712	 	3	 	0	 	 	-1.385
1956	 	3	 	4	 	6.283	 	0	 	1	 	 	-1.253
1957	 	3	 	4	 	6.283	 	1	 	1	 	 	14.21
1958	 	3	 	4	 	6.283	 	2	 	1	 	 	-1.189
1959	 	3	 	4	 	6.283	 	3	 	1	 	 	-2.738
1960	 	3	 	5	 	0	 	0	 	1	 	 	-1.394
1961	 	3	 	5	 	0	 	1	 	1	 	 	0.9144
1962	 	3	 	5	 	0	 	2	 	1	 	 	-1.999
1963	 	3	 	5	 	0	 	3	 	1	 	 	-1.285
1964	 	3	 	5	 	1.571	 	0	 	1	 	 	-1
1965	 	3	 	5	 	1.571	 	1	 	1	 	 	5.69
1966	 	3	 	5	 	1.571	 	2	 	1	 	 	-1.03
1967	 	3	 	5	 	1.571	 	3	 	1	 	 	-0.9632
1968	 	3	 	5	 	3.142	 	0	 	0	 	 	14.25
1969	 	3	 	5	 	3.142	 	1	 	0	 	 	-0.7052
1970	 	3	 	5	 	3.142	 	2	 	0	 	 	-0.7801
1971	 	3	 	5	 	3.142	 	3	 	0	 	 	-0.7853
1972	 	3	 	5	 	4.712	 	0	 	3	 	 	-1.766
1973	 	3	 	5	 	4.712	 	1	 	3	 	 	-2.755
1974	 	3	 	5	 	4.712	 	2	 	3	 	 	-5.269
1975	 	3	 	5	 	4.712	 	3	 	3	 	 	4.921
1976	 	3	 	5	 	6.283	 	0	 	1	 	 	-1.796
1977	 	3	 	5	 	6.283	 	1	 	1	 	 	12.94
1978	 	3	 	5	 	6.283	 	2	 	1	 	 	-1.765
1979	 	3	 	5	 	6.283	 	3	 	1	 	 	-1.938
1980	 	4	 	-5	 	0	 	0	 	3	 	 	-1.973
1981	 	4	 	-5	 	0	 	1	 	3	 	 	-1.966
1982	 	4	 	-5	 	0	 	2	 	3	 	 	-2.898
1983	 	4	 	-5	 	0	 	3	 	3	 	 	1.733
1984	 	4	 	-5	 	1.571	 	0	 	0	 	 	6.22
1985	 	4	 	-5	 	1.571	 	1	 	0	 	 	-1.9
1986	 	4	 	-5	 	1.571	 	2	 	0	 	 	-1.608
1987	 	4	 	-5	 	1.571	 	3	 	0	 	 	-1.607
1988	 	4	 	-5	 	3.142	 	0	 	0	 	 	6.099
1989	 	4	 	-5	 	3.142	 	1	 	0	 	 	-1.485
1990	 	4	 	-5	 	3.142	 	2	 	0	 	 	-1.44
1991	 	4	 	-5	 	3.142	 	3	 	0	 	 	-1.618
1992	 	4	 	-5	 	4.712	 	0	 	3	 	 	-3.914
1993	 	4	 	-5	 	4.712	 	1	 	3	 	 	-3.184
1994	 	4	 	-5	 	4.712	 	2	 	3	 	 	-3.994
1995	 	4	 	-5	 	4.712	 	3	 	3	 	 	0.2261
1996	 	4	 	-5	 	6.283	 	0	 	1	 	 	-2.959
1997	 	4	 	-5	 	6.283	 	1	 	1	 	 	7.008
1998	 	4	 	-5	 	6.283	 	2	 	1	 	 	-3.002
1999	 	4	 	-5	 	6.283	 	3	 	1	 	 	-4.211
2000	 	4	 	-4	 	0	 	0	 	3	 	 	-1.477
2001	 	4	 	-4	 	0	 	1	 	3	 	 	-1.423
2002	 	4	 	-4	 	0	 	2	 	3	 	 	-1.999
2003	 	4	 	-4	 	0	 	3	 	3	 	 	5.417
2004	 	4	 	-4	 	1.571	 	0	 	3	 	 	-1.234
2005	 	4	 	-4	 	1.571	 	1	 	3	 	 	-1.252
2006	 	4	 	-4	 	1.571	 	2	 	3	 	 	-1.31
2007	 	4	 	-4	 	1.571	 	3	 	3	 	 	10.25
2008	 	4	 	-4	 	3.142	 	0	 	0	 	 	12.76
2009	 	4	 	-4	 	3.142	 	1	 	0	 	 	-0.8944
2010	 	4	 	-4	 	3.142	 	2	 	0	 	 	-0.8775
2011	 	4	 	-4	 	3.142	 	3	 	0	 	 	-0.9004
2012	 	4	 	-4	 	4.712	 	0	 	1	 	 	-2.874
2013	 	4	 	-4	 	4.712	 	1	 	1	 	 	2.134
2014	 	4	 	-4	 	4.712	 	2	 	1	 	 	-3.53
2015	 	4	 	-4	 	4.712	 	3	 	1	 	 	-2.842
2016	 	4	 	-4	 	6.283	 	0	 	1	 	 	-2.554
2017	 	4	 	-4	 	6.283	 	1	 	1	 	 	9.674
2018	 	4	 	-4	 	6.283	 	2	 	1	 	 	-2.584
2019	 	4	 	-4	 	6.283	 	3	 	1	 	 	-2.94
2020	 	4	 	-3	 	0	 	0	 	3	 	 	-1.583
2021	 	4	 	-3	 	0	 	1	 	3	 	 	-1.482
2022	 	4	 	-3	 	0	 	2	 	3	 	 	-1.999
2023	 	4	 	-3	 	0	 	3	 	3	 	 	4.569
2024	 	4	 	-3	 	1.571	 	0	 	3	 	 	-1.165
2025	 	4	 	-3	 	1.571	 	1	 	3	 	 	-1.228
2026	 	4	 	-3	 	1.571	 	2	 	3	 	 	-1.209
2027	 	4	 	-3	 	1.571	 	3	 	3	 	 	9.274
2028	 	4	 	-3	 	3.142	 	0	 	0	 	 	12.67
2029	 	4	 	-3	 	3.142	 	1	 	0	 	 	-0.8442
2030	 	4	 	-3	 	3.142	 	2	 	0	 	 	-0.8795
2031	 	4	 	-3	 	3.142	 	3	 	0	 	 	-0.9288
2032	 	4	 	-3	 	4.712	 	0	 	3	 	 	-2.36
2033	 	4	 	-3	 	4.712	 	1	 	3	 	 	-2.303
2034	 	4	 	-3	 	4.712	 	2	 	3	 	 	-4.211
2035	 	4	 	-3	 	4.712	 	3	 	3	 	 	7.552
2036	 	4	 	-3	 	6.283	 	0	 	1	 	 	-1.988
2037	 	4	 	-3	 	6.283	 	1	 	1	 	 	12.78
2038	 	4	 	-3	 	6.283	 	2	 	1	 	 	-2.036
2039	 	4	 	-3	 	6.283	 	3	 	1	 	 	-5.558
2040	 	4	 	-2	 	0	 	0	 	1	 	 	-1.21
2041	 	4	 	-2	 	0	 	1	 	1	 	 	5.675
2042	 	4	 	-2	 	0	 	2	 	1	 	 	-1.999
2043	 	4	 	-2	 	0	 	3	 	1	 	 	-1.14
2044	 	4	 	-2	 	1.571	 	0	 	3	 	 	-1.066
2045	 	4	 	-2	 	1.571	 	1	 	3	 	 	-1.046
2046	 	4	 	-2	 	1.571	 	2	 	3	 	 	-1.044
2047	 	4	 	-2	 	1.571	 	3	 	3	 	 	6.673
2048	 	4	 	-2	 	3.142	 	0	 	0	 	 	14.32
2049	 	4	 	-2	 	3.142	 	1	 	0	 	 	-0.6743
2050	 	4	 	-2	 	3.142	 	2	 	0	 	 	-0.7584
2051	 	4	 	-2	 	3.142	 	3	 	0	 	 	-0.8668
2052	 	4	 	-2	 	4.712	 	0	 	1	 	 	-1.972
2053	 	4	 	-2	 	4.712	 	1	 	1	 	 	6.114
2054	 	4	 	-2	 	4.712	 	2	 	1	 	 	-2.729
2055	 	4	 	-2	 	4.712	 	3	 	1	 	 	-1.985
2056	 	4	 	-2	 	6.283	 	0	 	1	 	 	-1.797
2057	 	4	 	-2	 	6.283	 	1	 	1	 	 	8.883
2058	 	4	 	-2	 	6.283	 	2	 	1	 	 	-1.746
2059	 	4	 	-2	 	6.283	 	3	 	1	 	 	-3.593
2060	 	4	 	-1	 	0	 	0	 	3	 	 	-1.406
2061	 	4	 	-1	 	0	 	1	 	3	 	 	-1.398
2062	 	4	 	-1	 	0	 	2	 	3	 	 	-1.999
2063	 	4	 	-1	 	0	 	3	 	3	 	 	1.491
2064	 	4	 	-1	 	1.571	 	0	 	3	 	 	-0.9602
2065	 	4	 	-1	 	1.571	 	1	 	3	 	 	-0.9815
2066	 	4	 	-1	 	1.571	 	2	 	3	 	 	-0.9281
2067	 	4	 	-1	 	1.571	 	3	 	3	 	 	7.983
2068	 	4	 	-1	 	3.142	 	0	 	0	 	 	13.85
2069	 	4	 	-1	 	3.142	 	1	 	0	 	 	-0.6078
2070	 	4	 	-1	 	3.142	 	2	 	0	 	 	-0.5616
2071	 	4	 	-1	 	3.142	 	3	 	0	 	 	-0.6231
2072	 	4	 	-1	 	4.712	 	0	 	1	 	 	-1.538
2073	 	4	 	-1	 	4.712	 	1	 	1	 	 	14.15
2074	 	4	 	-1	 	4.712	 	2	 	1	 	 	-2.766
2075	 	4	 	-1	 	4.712	 	3	 	1	 	 	-1.493
2076	 	4	 	-1	 	6.283	 	0	 	1	 	 	-1.294
2077	 	4	 	-1	 	6.283	 	1	 	1	 	 	10.74
2078	 	4	 	-1	 	6.283	 	2	 	1	 	 	-1.254
2079	 	4	 	-1	 	6.283	 	3	 	1	 	 	-4.131
2080	 	4	 	0	 	0	 	0	 	1	 	 	-1.036
2081	 	4	 	0	 	0	 	1	 	1	 	 	1.587
2082	 	4	 	0	 	0	 	2	 	1	 	 	-1
2083	 	4	 	0	 	0	 	3	 	1	 	 	-1.016
2084	 	4	 	0	 	1.571	 	0	 	0	 	 	0.5229
2085	 	4	 	0	 	1.571	 	1	 	0	 	 	-0.7491
2086	 	4	 	0	 	1.571	 	2	 	0	 	 	-0.7432
2087	 	4	 	0	 	1.571	 	3	 	0	 	 	-0.6985
2088	 	4	 	0	 	3.142	 	0	 	3	 	 	-0.3669
2089	 	4	 	0	 	3.142	 	1	 	3	 	 	-0.4109
2090	 	4	 	0	 	3.142	 	2	 	3	 	 	-0.4454
2091	 	4	 	0	 	3.142	 	3	 	3	 	 	9.597
2092	 	4	 	0	 	4.712	 	0	 	1	 	 	-1.144
2093	 	4	 	0	 	4.712	 	1	 	1	 	 	19.52
2094	 	4	 	0	 	4.712	 	2	 	1	 	 	-1.91
2095	 	4	 	0	 	4.712	 	3	 	1	 	 	-1.12
2096	 	4	 	0	 	6.283	 	0	 	1	 	 	-1.018
2097	 	4	 	0	 	6.283	 	1	 	1	 	 	12.63
2098	 	4	 	0	 	6.283	 	2	 	1	 	 	-1.056
2099	 	4	 	0	 	6.283	 	3	 	1	 	 	-2.819
2100	 	4	 	1	 	0	 	0	 	1	 	 	-0.3815
2101	 	4	 	1	 	0	 	1	 	1	 	 	9.077
2102	 	4	 	1	 	0	 	2	 	1	 	 	-1
2103	 	4	 	1	 	0	 	3	 	1	 	 	-0.2987
2104	 	4	 	1	 	1.571	 	0	 	3	 	 	-0.5127
2105	 	4	 	1	 	1.571	 	1	 	3	 	 	-0.4072
2106	 	4	 	1	 	1.571	 	2	 	3	 	 	-0.4061
2107	 	4	 	1	 	1.571	 	3	 	3	 	 	10.07
2108	 	4	 	1	 	3.142	 	0	 	3	 	 	-0.19
2109	 	4	 	1	 	3.142	 	1	 	3	 	 	-0.2096
2110	 	4	 	1	 	3.142	 	2	 	3	 	 	-0.2277
2111	 	4	 	1	 	3.142	 	3	 	3	 	 	17.56
2112	 	4	 	1	 	4.712	 	0	 	3	 	 	-0.7675
2113	 	4	 	1	 	4.712	 	1	 	3	 	 	-0.8123
2114	 	4	 	1	 	4.712	 	2	 	3	 	 	-3.476
2115	 	4	 	1	 	4.712	 	3	 	3	 	 	23.36
2116	 	4	 	1	 	6.283	 	0	 	1	 	 	-0.5082
2117	 	4	 	1	 	6.283	 	1	 	1	 	 	24.68
2118	 	4	 	1	 	6.283	 	2	 	1	 	 	-0.4946
2119	 	4	 	1	 	6.283	 	3	 	1	 	 	-1.919
2120	 	4	 	2	 	0	 	0	 	3	 	 	-1.076
2121	 	4	 	2	 	0	 	1	 	3	 	 	-0.9974
2122	 	4	 	2	 	0	 	2	 	3	 	 	-2.71
2123	 	4	 	2	 	0	 	3	 	3	 	 	3.133
2124	 	4	 	2	 	1.571	 	0	 	3	 	 	-0.7117
2125	 	4	 	2	 	1.571	 	1	 	3	 	 	-0.6415
2126	 	4	 	2	 	1.571	 	2	 	3	 	 	-0.6339
2127	 	4	 	2	 	1.571	 	3	 	3	 	 	14.27
2128	 	4	 	2	 	3.142	 	0	 	3	 	 	-0.4527
2129	 	4	 	2	 	3.142	 	1	 	3	 	 	-0.4055
2130	 	4	 	2	 	3.142	 	2	 	3	 	 	-0.447
2131	 	4	 	2	 	3.142	 	3	 	3	 	 	18.75
2132	 	4	 	2	 	4.712	 	0	 	0	 	 	21.8
2133	 	4	 	2	 	4.712	 	1	 	0	 	 	-1.136
2134	 	4	 	2	 	4.712	 	2	 	0	 	 	-1.921
2135	 	4	 	2	 	4.712	 	3	 	0	 	 	-1.075
2136	 	4	 	2	 	6.283	 	0	 	2	 	 	-1.159
2137	 	4	 	2	 	6.283	 	1	 	2	 	 	-1.038
2138	 	4	 	2	 	6.283	 	2	 	2	 	 	11.32
2139	 	4	 	2	 	6.283	 	3	 	2	 	 	-1.9
2140	 	4	 	3	 	0	 	0	 	3	 	 	-1.119
2141	 	4	 	3	 	0	 	1	 	3	 	 	-1.1
2142	 	4	 	3	 	0	 	2	 	3	 	 	-1.9
2143	 	4	 	3	 	0	 	3	 	3	 	 	2.464
2144	 	4	 	3	 	1.571	 	0	 	1	 	 	-0.8577
2145	 	4	 	3	 	1.571	 	1	 	1	 	 	9.067
2146	 	4	 	3	 	1.571	 	2	 	1	 	 	-0.8272
2147	 	4	 	3	 	1.571	 	3	 	1	 	 	-0.8657
2148	 	4	 	3	 	3.142	 	0	 	3	 	 	-0.6998
2149	 	4	 	3	 	3.142	 	1	 	3	 	 	-0.7326
2150	 	4	 	3	 	3.142	 	2	 	3	 	 	-0.6782
2151	 	4	 	3	 	3.142	 	3	 	3	 	 	12.74
2152	 	4	 	3	 	4.712	 	0	 	0	 	 	18.85
2153	 	4	 	3	 	4.712	 	1	 	0	 	 	-1.445
2154	 	4	 	3	 	4.712	 	2	 	0	 	 	-3.51
2155	 	4	 	3	 	4.712	 	3	 	0	 	 	-1.525
2156	 	4	 	3	 	6.283	 	0	 	1	 	 	-1.443
2157	 	4	 	3	 	6.283	 	1	 	1	 	 	5.364
2158	 	4	 	3	 	6.283	 	2	 	1	 	 	-1.443
2159	 	4	 	3	 	6.283	 	3	 	1	 	 	-4.737
2160	 	4	 	4	 	0	 	0	 	3	 	 	-1.263
2161	 	4	 	4	 	0	 	1	 	3	 	 	-1.177
2162	 	4	 	4	 	0	 	2	 	3	 	 	-1.999
2163	 	4	 	4	 	0	 	3	 	3	 	 	6.588
2164	 	4	 	4	 	1.571	 	0	 	3	 	 	-1.006
2165	 	4	 	4	 	1.571	 	1	 	3	 	 	-0.9954
2166	 	4	 	4	 	1.571	 	2	 	3	 	 	-1.058
2167	 	4	 	4	 	1.571	 	3	 	3	 	 	11.38
2168	 	4	 	4	 	3.142	 	0	 	0	 	 	14.57
2169	 	4	 	4	 	3.142	 	1	 	0	 	 	-0.7704
2170	 	4	 	4	 	3.142	 	2	 	0	 	 	-0.7613
2171	 	4	 	4	 	3.142	 	3	 	0	 	 	-0.77
2172	 	4	 	4	 	4.712	 	0	 	0	 	 	13.51
2173	 	4	 	4	 	4.712	 	1	 	0	 	 	-1.851
2174	 	4	 	4	 	4.712	 	2	 	0	 	 	-1.999
2175	 	4	 	4	 	4.712	 	3	 	0	 	 	-1.799
2176	 	4	 	4	 	6.283	 	0	 	1	 	 	-1.633
2177	 	4	 	4	 	6.283	 	1	 	1	 	 	9.871
2178	 	4	 	4	 	6.283	 	2	 	1	 	 	-1.563
2179	 	4	 	4	 	6.283	 	3	 	1	 	 	-1.941
2180	 	4	 	5	 	0	 	0	 	3	 	 	-1.679
2181	 	4	 	5	 	0	 	1	 	3	 	 	-1.705
2182	 	4	 	5	 	0	 	2	 	3	 	 	-1.999
2183	 	4	 	5	 	0	 	3	 	3	 	 	3.194
2184	 	4	 	5	 	1.571	 	0	 	3	 	 	-1.999
2185	 	4	 	5	 	1.571	 	1	 	3	 	 	-1.218
2186	 	4	 	5	 	1.571	 	2	 	3	 	 	-1.274
2187	 	4	 	5	 	1.571	 	3	 	3	 	 	7.808
2188	 	4	 	5	 	3.142	 	0	 	0	 	 	11.57
2189	 	4	 	5	 	3.142	 	1	 	0	 	 	-1.029
2190	 	4	 	5	 	3.142	 	2	 	0	 	 	-1.003
2191	 	4	 	5	 	3.142	 	3	 	0	 	 	-1.048
2192	 	4	 	5	 	4.712	 	0	 	0	 	 	5.912
2193	 	4	 	5	 	4.712	 	1	 	0	 	 	-2.908
2194	 	4	 	5	 	4.712	 	2	 	0	 	 	-2.997
2195	 	4	 	5	 	4.712	 	3	 	0	 	 	-2.321
2196	 	4	 	5	 	6.283	 	0	 	1	 	 	-2.241
2197	 	4	 	5	 	6.283	 	1	 	1	 	 	7.059
2198	 	4	 	5	 	6.283	 	2	 	1	 	 	-2.252
2199	 	4	 	5	 	6.283	 	3	 	1	 	 	-4.843
2200	 	5	 	-5	 	0	 	0	 	1	 	 	-2.997
2201	 	5	 	-5	 	0	 	1	 	1	 	 	-2.178
2202	 	5	 	-5	 	0	 	2	 	1	 	 	-2.997
2203	 	5	 	-5	 	0	 	3	 	1	 	 	-2.293
2204	 	5	 	-5	 	1.571	 	0	 	0	 	 	1.227
2205	 	5	 	-5	 	1.571	 	1	 	0	 	 	-1.91
2206	 	5	 	-5	 	1.571	 	2	 	0	 	 	-2.025
2207	 	5	 	-5	 	1.571	 	3	 	0	 	 	-1.957
2208	 	5	 	-5	 	3.142	 	0	 	0	 	 	0.6966
2209	 	5	 	-5	 	3.142	 	1	 	0	 	 	-1.999
2210	 	5	 	-5	 	3.142	 	2	 	0	 	 	-1.729
2211	 	5	 	-5	 	3.142	 	3	 	0	 	 	-1.881
2212	 	5	 	-5	 	4.712	 	0	 	1	 	 	-4.463
2213	 	5	 	-5	 	4.712	 	1	 	1	 	 	-2.499
2214	 	5	 	-5	 	4.712	 	2	 	1	 	 	-3.994
2215	 	5	 	-5	 	4.712	 	3	 	1	 	 	-3.525
2216	 	5	 	-5	 	6.283	 	0	 	1	 	 	-3.746
2217	 	5	 	-5	 	6.283	 	1	 	1	 	 	-0.6939
2218	 	5	 	-5	 	6.283	 	2	 	1	 	 	-3.368
2219	 	5	 	-5	 	6.283	 	3	 	1	 	 	-3.895
2220	 	5	 	-4	 	0	 	0	 	1	 	 	-1.9
2221	 	5	 	-4	 	0	 	1	 	1	 	 	-0.3395
2222	 	5	 	-4	 	0	 	2	 	1	 	 	-1.9
2223	 	5	 	-4	 	0	 	3	 	1	 	 	-1.791
2224	 	5	 	-4	 	1.571	 	0	 	3	 	 	-1.605
2225	 	5	 	-4	 	1.571	 	1	 	3	 	 	-1.654
2226	 	5	 	-4	 	1.571	 	2	 	3	 	 	-1.59
2227	 	5	 	-4	 	1.571	 	3	 	3	 	 	6.624
2228	 	5	 	-4	 	3.142	 	0	 	0	 	 	10.27
2229	 	5	 	-4	 	3.142	 	1	 	0	 	 	-1.999
2230	 	5	 	-4	 	3.142	 	2	 	0	 	 	-1.243
2231	 	5	 	-4	 	3.142	 	3	 	0	 	 	-1.344
2232	 	5	 	-4	 	4.712	 	0	 	1	 	 	-3.175
2233	 	5	 	-4	 	4.712	 	1	 	1	 	 	0.6909
2234	 	5	 	-4	 	4.712	 	2	 	1	 	 	-3.994
2235	 	5	 	-4	 	4.712	 	3	 	1	 	 	-3.199
2236	 	5	 	-4	 	6.283	 	0	 	1	 	 	-3.735
2237	 	5	 	-4	 	6.283	 	1	 	1	 	 	3.966
2238	 	5	 	-4	 	6.283	 	2	 	1	 	 	-2.844
2239	 	5	 	-4	 	6.283	 	3	 	1	 	 	-3.775
2240	 	5	 	-3	 	0	 	0	 	1	 	 	-1.999
2241	 	5	 	-3	 	0	 	1	 	1	 	 	-0.6503
2242	 	5	 	-3	 	0	 	2	 	1	 	 	-1.999
2243	 	5	 	-3	 	0	 	3	 	1	 	 	-1.857
2244	 	5	 	-3	 	1.571	 	0	 	3	 	 	-1.55
2245	 	5	 	-3	 	1.571	 	1	 	3	 	 	-1.528
2246	 	5	 	-3	 	1.571	 	2	 	3	 	 	-1.545
2247	 	5	 	-3	 	1.571	 	3	 	3	 	 	-0.1127
2248	 	5	 	-3	 	3.142	 	0	 	0	 	 	7.39
2249	 	5	 	-3	 	3.142	 	1	 	0	 	 	-1.999
2250	 	5	 	-3	 	3.142	 	2	 	0	 	 	-1.195
2251	 	5	 	-3	 	3.142	 	3	 	0	 	 	-1.27
2252	 	5	 	-3	 	4.712	 	0	 	3	 	 	-2.754
2253	 	5	 	-3	 	4.712	 	1	 	3	 	 	-2.779
2254	 	5	 	-3	 	4.712	 	2	 	3	 	 	-2.929
2255	 	5	 	-3	 	4.712	 	3	 	3	 	 	5.008
2256	 	5	 	-3	 	6.283	 	0	 	1	 	 	-2.898
2257	 	5	 	-3	 	6.283	 	1	 	1	 	 	9.321
2258	 	5	 	-3	 	6.283	 	2	 	1	 	 	-2.413
2259	 	5	 	-3	 	6.283	 	3	 	1	 	 	-3.518
2260	 	5	 	-2	 	0	 	0	 	1	 	 	-1.999
2261	 	5	 	-2	 	0	 	1	 	1	 	 	0.2213
2262	 	5	 	-2	 	0	 	2	 	1	 	 	-1.999
2263	 	5	 	-2	 	0	 	3	 	1	 	 	-1.578
2264	 	5	 	-2	 	1.571	 	0	 	3	 	 	-1.347
2265	 	5	 	-2	 	1.571	 	1	 	3	 	 	-1.435
2266	 	5	 	-2	 	1.571	 	2	 	3	 	 	-1.425
2267	 	5	 	-2	 	1.571	 	3	 	3	 	 	3.439
2268	 	5	 	-2	 	3.142	 	0	 	0	 	 	10.33
2269	 	5	 	-2	 	3.142	 	1	 	0	 	 	-1
2270	 	5	 	-2	 	3.142	 	2	 	0	 	 	-1.006
2271	 	5	 	-2	 	3.142	 	3	 	0	 	 	-0.9764
2272	 	5	 	-2	 	4.712	 	0	 	1	 	 	-2.465
2273	 	5	 	-2	 	4.712	 	1	 	1	 	 	0.09129
2274	 	5	 	-2	 	4.712	 	2	 	1	 	 	-2.997
2275	 	5	 	-2	 	4.712	 	3	 	1	 	 	-2.367
2276	 	5	 	-2	 	6.283	 	0	 	1	 	 	-2.908
2277	 	5	 	-2	 	6.283	 	1	 	1	 	 	1.781
2278	 	5	 	-2	 	6.283	 	2	 	1	 	 	-2.1
2279	 	5	 	-2	 	6.283	 	3	 	1	 	 	-2.898
2280	 	5	 	-1	 	0	 	0	 	3	 	 	-1.999
2281	 	5	 	-1	 	0	 	1	 	3	 	 	-1.601
2282	 	5	 	-1	 	0	 	2	 	3	 	 	-1.999
2283	 	5	 	-1	 	0	 	3	 	3	 	 	1.004
2284	 	5	 	-1	 	1.571	 	0	 	0	 	 	6.105
2285	 	5	 	-1	 	1.571	 	1	 	0	 	 	-1.2
2286	 	5	 	-1	 	1.571	 	2	 	0	 	 	-1.241
2287	 	5	 	-1	 	1.571	 	3	 	0	 	 	-1.227
2288	 	5	 	-1	 	3.142	 	0	 	0	 	 	6.201
2289	 	5	 	-1	 	3.142	 	1	 	0	 	 	-1
2290	 	5	 	-1	 	3.142	 	2	 	0	 	 	-0.9204
2291	 	5	 	-1	 	3.142	 	3	 	0	 	 	-0.9043
2292	 	5	 	-1	 	4.712	 	0	 	1	 	 	-1.9
2293	 	5	 	-1	 	4.712	 	1	 	1	 	 	9.936
2294	 	5	 	-1	 	4.712	 	2	 	1	 	 	-1.942
2295	 	5	 	-1	 	4.712	 	3	 	1	 	 	-1.941
2296	 	5	 	-1	 	6.283	 	0	 	1	 	 	-1.999
2297	 	5	 	-1	 	6.283	 	1	 	1	 	 	0.751
2298	 	5	 	-1	 	6.283	 	2	 	1	 	 	-1.793
2299	 	5	 	-1	 	6.283	 	3	 	1	 	 	-1.919
2300	 	5	 	0	 	0	 	0	 	3	 	 	-1.999
2301	 	5	 	0	 	0	 	1	 	3	 	 	-1.184
2302	 	5	 	0	 	0	 	2	 	3	 	 	-1.999
2303	 	5	 	0	 	0	 	3	 	3	 	 	2.548
2304	 	5	 	0	 	1.571	 	0	 	0	 	 	12.03
2305	 	5	 	0	 	1.571	 	1	 	0	 	 	-0.9069
2306	 	5	 	0	 	1.571	 	2	 	0	 	 	-0.8542
2307	 	5	 	0	 	1.571	 	3	 	0	 	 	-0.9066
2308	 	5	 	0	 	3.142	 	0	 	3	 	 	-0.5291
2309	 	5	 	0	 	3.142	 	1	 	3	 	 	-1
2310	 	5	 	0	 	3.142	 	2	 	3	 	 	-0.582
2311	 	5	 	0	 	3.142	 	3	 	3	 	 	8.193
2312	 	5	 	0	 	4.712	 	0	 	1	 	 	-1.521
2313	 	5	 	0	 	4.712	 	1	 	1	 	 	16.9
2314	 	5	 	0	 	4.712	 	2	 	1	 	 	-1.91
2315	 	5	 	0	 	4.712	 	3	 	1	 	 	-1.47
2316	 	5	 	0	 	6.283	 	0	 	1	 	 	-1.937
2317	 	5	 	0	 	6.283	 	1	 	1	 	 	3.085
2318	 	5	 	0	 	6.283	 	2	 	1	 	 	-1.336
2319	 	5	 	0	 	6.283	 	3	 	1	 	 	-1.999
2320	 	5	 	1	 	0	 	0	 	1	 	 	-1
2321	 	5	 	1	 	0	 	1	 	1	 	 	2.425
2322	 	5	 	1	 	0	 	2	 	1	 	 	-1
2323	 	5	 	1	 	0	 	3	 	1	 	 	-0.6052
2324	 	5	 	1	 	1.571	 	0	 	3	 	 	-0.7311
2325	 	5	 	1	 	1.571	 	1	 	3	 	 	-0.7633
2326	 	5	 	1	 	1.571	 	2	 	3	 	 	-0.7115
2327	 	5	 	1	 	1.571	 	3	 	3	 	 	16.21
2328	 	5	 	1	 	3.142	 	0	 	3	 	 	-0.3685
2329	 	5	 	1	 	3.142	 	1	 	3	 	 	-1
2330	 	5	 	1	 	3.142	 	2	 	3	 	 	-0.4534
2331	 	5	 	1	 	3.142	 	3	 	3	 	 	19.06
2332	 	5	 	1	 	4.712	 	0	 	3	 	 	-1.125
2333	 	5	 	1	 	4.712	 	1	 	3	 	 	-1.143
2334	 	5	 	1	 	4.712	 	2	 	3	 	 	-2.83
2335	 	5	 	1	 	4.712	 	3	 	3	 	 	21.68
2336	 	5	 	1	 	6.283	 	0	 	1	 	 	-4.105
2337	 	5	 	1	 	6.283	 	1	 	1	 	 	23.29
2338	 	5	 	1	 	6.283	 	2	 	1	 	 	-0.7271
2339	 	5	 	1	 	6.283	 	3	 	1	 	 	-2.759
2340	 	5	 	2	 	0	 	0	 	3	 	 	-1.999
2341	 	5	 	2	 	0	 	1	 	3	 	 	-1.254
2342	 	5	 	2	 	0	 	2	 	3	 	 	-1.999
2343	 	5	 	2	 	0	 	3	 	3	 	 	4.734
2344	 	5	 	2	 	1.571	 	0	 	1	 	 	-1.006
2345	 	5	 	2	 	1.571	 	1	 	1	 	 	12.12
2346	 	5	 	2	 	1.571	 	2	 	1	 	 	-0.9639
2347	 	5	 	2	 	1.571	 	3	 	1	 	 	-0.971
2348	 	5	 	2	 	3.142	 	0	 	0	 	 	7.569
2349	 	5	 	2	 	3.142	 	1	 	0	 	 	-1
2350	 	5	 	2	 	3.142	 	2	 	0	 	 	-0.6771
2351	 	5	 	2	 	3.142	 	3	 	0	 	 	-0.6914
2352	 	5	 	2	 	4.712	 	0	 	0	 	 	18.25
2353	 	5	 	2	 	4.712	 	1	 	0	 	 	-1.34
2354	 	5	 	2	 	4.712	 	2	 	0	 	 	-2.757
2355	 	5	 	2	 	4.712	 	3	 	0	 	 	-1.363
2356	 	5	 	2	 	6.283	 	0	 	2	 	 	-2.798
2357	 	5	 	2	 	6.283	 	1	 	2	 	 	-1.374
2358	 	5	 	2	 	6.283	 	2	 	2	 	 	6.099
2359	 	5	 	2	 	6.283	 	3	 	2	 	 	-4.827
2360	 	5	 	3	 	0	 	0	 	3	 	 	-2.729
2361	 	5	 	3	 	0	 	1	 	3	 	 	-1.469
2362	 	5	 	3	 	0	 	2	 	3	 	 	-1.9
2363	 	5	 	3	 	0	 	3	 	3	 	 	0.8109
2364	 	5	 	3	 	1.571	 	0	 	1	 	 	-1.335
2365	 	5	 	3	 	1.571	 	1	 	1	 	 	6.365
2366	 	5	 	3	 	1.571	 	2	 	1	 	 	-1.323
2367	 	5	 	3	 	1.571	 	3	 	1	 	 	-1.227
2368	 	5	 	3	 	3.142	 	0	 	0	 	 	4.902
2369	 	5	 	3	 	3.142	 	1	 	0	 	 	-1
2370	 	5	 	3	 	3.142	 	2	 	0	 	 	-0.9192
2371	 	5	 	3	 	3.142	 	3	 	0	 	 	-0.925
2372	 	5	 	3	 	4.712	 	0	 	0	 	 	14.36
2373	 	5	 	3	 	4.712	 	1	 	0	 	 	-1.735
2374	 	5	 	3	 	4.712	 	2	 	0	 	 	-1.999
2375	 	5	 	3	 	4.712	 	3	 	0	 	 	-1.76
2376	 	5	 	3	 	6.283	 	0	 	2	 	 	-5.775
2377	 	5	 	3	 	6.283	 	1	 	2	 	 	-1.717
2378	 	5	 	3	 	6.283	 	2	 	2	 	 	7.176
2379	 	5	 	3	 	6.283	 	3	 	2	 	 	-4.75
2380	 	5	 	4	 	0	 	0	 	1	 	 	-1.999
2381	 	5	 	4	 	0	 	1	 	1	 	 	0.9725
2382	 	5	 	4	 	0	 	2	 	1	 	 	-1.999
2383	 	5	 	4	 	0	 	3	 	1	 	 	-1.535
2384	 	5	 	4	 	1.571	 	0	 	3	 	 	-1.449
2385	 	5	 	4	 	1.571	 	1	 	3	 	 	-1.442
2386	 	5	 	4	 	1.571	 	2	 	3	 	 	-1.373
2387	 	5	 	4	 	1.571	 	3	 	3	 	 	6.453
2388	 	5	 	4	 	3.142	 	0	 	0	 	 	11.23
2389	 	5	 	4	 	3.142	 	1	 	0	 	 	-1
2390	 	5	 	4	 	3.142	 	2	 	0	 	 	-1.095
2391	 	5	 	4	 	3.142	 	3	 	0	 	 	-1.059
2392	 	5	 	4	 	4.712	 	0	 	0	 	 	7.275
2393	 	5	 	4	 	4.712	 	1	 	0	 	 	-2.14
2394	 	5	 	4	 	4.712	 	2	 	0	 	 	-2.997
2395	 	5	 	4	 	4.712	 	3	 	0	 	 	-2.127
2396	 	5	 	4	 	6.283	 	0	 	1	 	 	-4.229
2397	 	5	 	4	 	6.283	 	1	 	1	 	 	3.694
2398	 	5	 	4	 	6.283	 	2	 	1	 	 	-1.989
2399	 	5	 	4	 	6.283	 	3	 	1	 	 	-4.179
2400	 	5	 	5	 	0	 	0	 	1	 	 	-2.997
2401	 	5	 	5	 	0	 	1	 	1	 	 	-0.9039
2402	 	5	 	5	 	0	 	2	 	1	 	 	-2.898
2403	 	5	 	5	 	0	 	3	 	1	 	 	-2.057
2404	 	5	 	5	 	1.571	 	0	 	1	 	 	-1.9
2405	 	5	 	5	 	1.571	 	1	 	1	 	 	1.027
2406	 	5	 	5	 	1.571	 	2	 	1	 	 	-1.834
2407	 	5	 	5	 	1.571	 	3	 	1	 	 	-1.74
2408	 	5	 	5	 	3.142	 	0	 	0	 	 	1.51
2409	 	5	 	5	 	3.142	 	1	 	0	 	 	-1.999
2410	 	5	 	5	 	3.142	 	2	 	0	 	 	-1.456
2411	 	5	 	5	 	3.142	 	3	 	0	 	 	-1.531
2412	 	5	 	5	 	4.712	 	0	 	0	 	 	0.7492
2413	 	5	 	5	 	4.712	 	1	 	0	 	 	-2.908
2414	 	5	 	5	 	4.712	 	2	 	0	 	 	-2.997
2415	 	5	 	5	 	4.712	 	3	 	0	 	 	-2.589
2416	 	5	 	5	 	6.283	 	0	 	1	 	 	-2.927
2417	 	5	 	5	 	6.283	 	1	 	1	 	 	-0.2387
2418	 	5	 	5	 	6.283	 	2	 	1	 	 	-2.563
2419	 	5	 	5	 	6.283	 	3	 	1	 	 	-2.954
